-0.00000000000000083240 -0.00000000005569609322 -0.00000001440694355077 -0.00000001440694355077 -0.00000000005569609322 -0.00000000000000083240 -0.00000000000000000000 -0.00000000000000000000 -0.00000000000000000000 -0.00000000000000000000 -0.00000000000000000000 0.00000000000000000000 
-0.00000000005569609322 -0.00000372665317207868 -0.00096397572573417799 -0.00096397572573417973 -0.00000372665317207870 -0.00000000005569609322 -0.00000000000000000322 -0.00000000000000000000 -0.00000000000000000000 -0.00000000000000000000 0.00000000000000000000 0.00000000000000000000 
-0.00000001440694355077 -0.00096397572573417799 -0.24935220877729594000 -0.24935220877729644000 -0.00096397572573418396 -0.00000001440694355077 -0.00000000000000083240 -0.00000000000000000000 -0.00000000000000000000 0.00000000000000000000 0.00000000000000000000 0.00000000000000000000 
-0.00000001440694355077 -0.00096397572573417973 -0.24935220877729644000 -0.24935220877729689000 -0.00096397572573418482 -0.00000001440694355077 -0.00000000000000083240 -0.00000000000000000000 0.00000000000000000000 0.00000000000000000000 0.00000000000000000000 0.00000000000000000000 
-0.00000000005569609322 -0.00000372665317207870 -0.00096397572573418396 -0.00096397572573418482 -0.00000372665317207872 -0.00000000005569609322 -0.00000000000000000322 -0.00000000000000000000 0.00000000000000000000 0.00000000000000000000 0.00000000000000000000 0.00000000000000000000 
-0.00000000000000083240 -0.00000000005569609322 -0.00000001440694355077 -0.00000001440694355077 -0.00000000005569609322 -0.00000000000000083240 -0.00000000000000000000 0.00000000000000000322 0.00000000000000083240 0.00000000000000083240 0.00000000000000000322 0.00000000000000000000 
-0.00000000000000000000 -0.00000000000000000322 -0.00000000000000083240 -0.00000000000000083240 -0.00000000000000000322 -0.00000000000000000000 0.00000000000000083240 0.00000000005569609322 0.00000001440694355077 0.00000001440694355077 0.00000000005569609322 0.00000000000000083240 
-0.00000000000000000000 -0.00000000000000000000 -0.00000000000000000000 -0.00000000000000000000 -0.00000000000000000000 0.00000000000000000322 0.00000000005569609322 0.00000372665317207868 0.00096397572573417973 0.00096397572573417539 0.00000372665317207864 0.00000000005569609322 
-0.00000000000000000000 -0.00000000000000000000 -0.00000000000000000000 0.00000000000000000000 0.00000000000000000000 0.00000000000000083240 0.00000001440694355077 0.00096397572573417973 0.24935220877729689000 0.24935220877729594000 0.00096397572573416856 0.00000001440694355077 
-0.00000000000000000000 -0.00000000000000000000 0.00000000000000000000 0.00000000000000000000 0.00000000000000000000 0.00000000000000083240 0.00000001440694355077 0.00096397572573417539 0.24935220877729594000 0.24935220877729505000 0.00096397572573416520 0.00000001440694355077 
-0.00000000000000000000 0.00000000000000000000 0.00000000000000000000 0.00000000000000000000 0.00000000000000000000 0.00000000000000000322 0.00000000005569609322 0.00000372665317207864 0.00096397572573416856 0.00096397572573416520 0.00000372665317207860 0.00000000005569609322 
0.00000000000000000000 0.00000000000000000000 0.00000000000000000000 0.00000000000000000000 0.00000000000000000000 0.00000000000000000000 0.00000000000000083240 0.00000000005569609322 0.00000001440694355077 0.00000001440694355077 0.00000000005569609322 0.00000000000000083240 
