-0.00000000000000000258 -0.00000000000000768120 -0.00000000000309881914 -0.00000000016918979226 -0.00000000125015286639 -0.00000000125015286639 -0.00000000016918979226 -0.00000000000309881914 -0.00000000000000768120 -0.00000000000000000258 -0.00000000000000000000 -0.00000000000000000000 -0.00000000000000000000 -0.00000000000000000000 -0.00000000000000000000 -0.00000000000000000000 -0.00000000000000000000 -0.00000000000000000000 -0.00000000000000000000 0.00000000000000000000 
-0.00000000000000768120 -0.00000000002289734846 -0.00000000923744966197 -0.00000050434766256789 -0.00000372665317207868 -0.00000372665317207869 -0.00000050434766256789 -0.00000000923744966197 -0.00000000002289734846 -0.00000000000000768120 -0.00000000000000000035 -0.00000000000000000000 -0.00000000000000000000 -0.00000000000000000000 -0.00000000000000000000 -0.00000000000000000000 -0.00000000000000000000 -0.00000000000000000000 0.00000000000000000000 0.00000000000000000000 
-0.00000000000309881914 -0.00000000923744966197 -0.00000372665317207868 -0.00020346836901064455 -0.00150343919297757390 -0.00150343919297757650 -0.00020346836901064490 -0.00000372665317207870 -0.00000000923744966197 -0.00000000000309881914 -0.00000000000000014069 -0.00000000000000000000 -0.00000000000000000000 -0.00000000000000000000 -0.00000000000000000000 -0.00000000000000000000 -0.00000000000000000000 0.00000000000000000000 0.00000000000000000000 0.00000000000000000000 
-0.00000000016918979226 -0.00000050434766256789 -0.00020346836901064455 -0.01110899653824230600 -0.08208499862389871700 -0.08208499862389882800 -0.01110899653824233600 -0.00020346836901064563 -0.00000050434766256789 -0.00000000016918979226 -0.00000000000000768120 -0.00000000000000000005 -0.00000000000000000000 -0.00000000000000000000 -0.00000000000000000000 -0.00000000000000000000 0.00000000000000000000 0.00000000000000000000 0.00000000000000000000 0.00000000000000000000 
-0.00000000125015286639 -0.00000372665317207868 -0.00150343919297757390 -0.08208499862389871700 -0.60653065971263298000 -0.60653065971263365000 -0.08208499862389898000 -0.00150343919297758170 -0.00000372665317207872 -0.00000000125015286639 -0.00000000000005675685 -0.00000000000000000035 -0.00000000000000000000 -0.00000000000000000000 -0.00000000000000000000 0.00000000000000000000 0.00000000000000000000 0.00000000000000000000 0.00000000000000000000 0.00000000000000000000 
-0.00000000125015286639 -0.00000372665317207869 -0.00150343919297757650 -0.08208499862389882800 -0.60653065971263365000 -0.60653065971263431000 -0.08208499862389911900 -0.00150343919297758450 -0.00000372665317207872 -0.00000000125015286639 -0.00000000000005675685 -0.00000000000000000035 -0.00000000000000000000 -0.00000000000000000000 0.00000000000000000000 0.00000000000000000000 0.00000000000000000000 0.00000000000000000000 0.00000000000000000000 0.00000000000000000000 
-0.00000000016918979226 -0.00000050434766256789 -0.00020346836901064490 -0.01110899653824233600 -0.08208499862389898000 -0.08208499862389911900 -0.01110899653824237500 -0.00020346836901064598 -0.00000050434766256790 -0.00000000016918979226 -0.00000000000000768120 -0.00000000000000000005 -0.00000000000000000000 0.00000000000000000000 0.00000000000000000000 0.00000000000000000000 0.00000000000000000000 0.00000000000000000000 0.00000000000000000000 0.00000000000000000000 
-0.00000000000309881914 -0.00000000923744966197 -0.00000372665317207870 -0.00020346836901064563 -0.00150343919297758170 -0.00150343919297758450 -0.00020346836901064598 -0.00000372665317207872 -0.00000000923744966197 -0.00000000000309881914 -0.00000000000000014069 -0.00000000000000000000 -0.00000000000000000000 0.00000000000000000000 0.00000000000000000000 0.00000000000000000000 0.00000000000000000000 0.00000000000000000000 0.00000000000000000000 0.00000000000000000000 
-0.00000000000000768120 -0.00000000002289734846 -0.00000000923744966197 -0.00000050434766256789 -0.00000372665317207872 -0.00000372665317207872 -0.00000050434766256790 -0.00000000923744966197 -0.00000000002289734846 -0.00000000000000768120 -0.00000000000000000035 -0.00000000000000000000 0.00000000000000000000 0.00000000000000000005 0.00000000000000000035 0.00000000000000000035 0.00000000000000000005 0.00000000000000000000 0.00000000000000000000 0.00000000000000000000 
-0.00000000000000000258 -0.00000000000000768120 -0.00000000000309881914 -0.00000000016918979226 -0.00000000125015286639 -0.00000000125015286639 -0.00000000016918979226 -0.00000000000309881914 -0.00000000000000768120 -0.00000000000000000258 -0.00000000000000000000 0.00000000000000000035 0.00000000000000014069 0.00000000000000768120 0.00000000000005675685 0.00000000000005675685 0.00000000000000768120 0.00000000000000014069 0.00000000000000000035 0.00000000000000000000 
-0.00000000000000000000 -0.00000000000000000035 -0.00000000000000014069 -0.00000000000000768120 -0.00000000000005675685 -0.00000000000005675685 -0.00000000000000768120 -0.00000000000000014069 -0.00000000000000000035 -0.00000000000000000000 0.00000000000000000258 0.00000000000000768120 0.00000000000309881914 0.00000000016918979226 0.00000000125015286639 0.00000000125015286639 0.00000000016918979226 0.00000000000309881914 0.00000000000000768120 0.00000000000000000258 
-0.00000000000000000000 -0.00000000000000000000 -0.00000000000000000000 -0.00000000000000000005 -0.00000000000000000035 -0.00000000000000000035 -0.00000000000000000005 -0.00000000000000000000 -0.00000000000000000000 0.00000000000000000035 0.00000000000000768120 0.00000000002289734846 0.00000000923744966197 0.00000050434766256789 0.00000372665317207866 0.00000372665317207865 0.00000050434766256788 0.00000000923744966197 0.00000000002289734846 0.00000000000000768120 
-0.00000000000000000000 -0.00000000000000000000 -0.00000000000000000000 -0.00000000000000000000 -0.00000000000000000000 -0.00000000000000000000 -0.00000000000000000000 -0.00000000000000000000 0.00000000000000000000 0.00000000000000014069 0.00000000000309881914 0.00000000923744966197 0.00000372665317207868 0.00020346836901064490 0.00150343919297757650 0.00150343919297756980 0.00020346836901064238 0.00000372665317207860 0.00000000923744966197 0.00000000000309881914 
-0.00000000000000000000 -0.00000000000000000000 -0.00000000000000000000 -0.00000000000000000000 -0.00000000000000000000 -0.00000000000000000000 0.00000000000000000000 0.00000000000000000000 0.00000000000000000005 0.00000000000000768120 0.00000000016918979226 0.00000050434766256789 0.00020346836901064490 0.01110899653824237500 0.08208499862389920200 0.08208499862389882800 0.01110899653824222800 0.00020346836901064056 0.00000050434766256787 0.00000000016918979226 
-0.00000000000000000000 -0.00000000000000000000 -0.00000000000000000000 -0.00000000000000000000 -0.00000000000000000000 0.00000000000000000000 0.00000000000000000000 0.00000000000000000000 0.00000000000000000035 0.00000000000005675685 0.00000000125015286639 0.00000372665317207866 0.00150343919297757650 0.08208499862389920200 0.60653065971263564000 0.60653065971263298000 0.08208499862389810600 0.00150343919297754310 0.00000372665317207855 0.00000000125015286639 
-0.00000000000000000000 -0.00000000000000000000 -0.00000000000000000000 -0.00000000000000000000 0.00000000000000000000 0.00000000000000000000 0.00000000000000000000 0.00000000000000000000 0.00000000000000000035 0.00000000000005675685 0.00000000125015286639 0.00000372665317207865 0.00150343919297756980 0.08208499862389882800 0.60653065971263298000 0.60653065971263020000 0.08208499862389773100 0.00150343919297753640 0.00000372665317207853 0.00000000125015286639 
-0.00000000000000000000 -0.00000000000000000000 -0.00000000000000000000 0.00000000000000000000 0.00000000000000000000 0.00000000000000000000 0.00000000000000000000 0.00000000000000000000 0.00000000000000000005 0.00000000000000768120 0.00000000016918979226 0.00000050434766256788 0.00020346836901064238 0.01110899653824222800 0.08208499862389810600 0.08208499862389773100 0.01110899653824207900 0.00020346836901063804 0.00000050434766256786 0.00000000016918979226 
-0.00000000000000000000 -0.00000000000000000000 0.00000000000000000000 0.00000000000000000000 0.00000000000000000000 0.00000000000000000000 0.00000000000000000000 0.00000000000000000000 0.00000000000000000000 0.00000000000000014069 0.00000000000309881914 0.00000000923744966197 0.00000372665317207860 0.00020346836901064056 0.00150343919297754310 0.00150343919297753640 0.00020346836901063804 0.00000372665317207851 0.00000000923744966197 0.00000000000309881914 
-0.00000000000000000000 0.00000000000000000000 0.00000000000000000000 0.00000000000000000000 0.00000000000000000000 0.00000000000000000000 0.00000000000000000000 0.00000000000000000000 0.00000000000000000000 0.00000000000000000035 0.00000000000000768120 0.00000000002289734846 0.00000000923744966197 0.00000050434766256787 0.00000372665317207855 0.00000372665317207853 0.00000050434766256786 0.00000000923744966197 0.00000000002289734846 0.00000000000000768120 
0.00000000000000000000 0.00000000000000000000 0.00000000000000000000 0.00000000000000000000 0.00000000000000000000 0.00000000000000000000 0.00000000000000000000 0.00000000000000000000 0.00000000000000000000 0.00000000000000000000 0.00000000000000000258 0.00000000000000768120 0.00000000000309881914 0.00000000016918979226 0.00000000125015286639 0.00000000125015286639 0.00000000016918979226 0.00000000000309881914 0.00000000000000768120 0.00000000000000000258 
