-0.00000000000000290869 -0.00000000030802922648 -0.00000004386501495952 -0.00000000839993959400 -0.00000000000216304507 -0.00000000000000000075 -0.00000000000000000000 -0.00000000000000000000 -0.00000000000000000000 -0.00000000000000000000 0.00000000000000000000 
-0.00000000030802922648 -0.00003262021034666134 -0.00464529301709610580 -0.00088955129220907143 -0.00000022906587789926 -0.00000000000007931975 -0.00000000000000000000 -0.00000000000000000000 -0.00000000000000000000 0.00000000000000000000 0.00000000000000000000 
-0.00000004386501495952 -0.00464529301709610580 -0.66151465564937451000 -0.12667687798863475000 -0.00003262021034666146 -0.00000000001129555794 -0.00000000000000000001 -0.00000000000000000000 0.00000000000000000000 0.00000000000000000000 0.00000000000000000000 
-0.00000000839993959400 -0.00088955129220907143 -0.12667687798863475000 -0.02425801345428230100 -0.00000624661354175328 -0.00000000000216304507 -0.00000000000000000000 0.00000000000000000000 0.00000000000000000000 0.00000000000000000000 0.00000000000000000000 
-0.00000000000216304507 -0.00000022906587789926 -0.00003262021034666146 -0.00000624661354175328 -0.00000000160854807066 -0.00000000000000055700 0.00000000000000000000 0.00000000000000000000 0.00000000000000000001 0.00000000000000000000 0.00000000000000000000 
-0.00000000000000000075 -0.00000000000007931975 -0.00000000001129555794 -0.00000000000216304507 -0.00000000000000055700 0.00000000000000000000 0.00000000000000055700 0.00000000000216304507 0.00000000001129555794 0.00000000000007931975 0.00000000000000000075 
-0.00000000000000000000 -0.00000000000000000000 -0.00000000000000000001 -0.00000000000000000000 0.00000000000000000000 0.00000000000000055700 0.00000000160854807066 0.00000624661354175329 0.00003262021034666140 0.00000022906587789926 0.00000000000216304507 
-0.00000000000000000000 -0.00000000000000000000 -0.00000000000000000000 0.00000000000000000000 0.00000000000000000000 0.00000000000216304507 0.00000624661354175329 0.02425801345428245400 0.12667687798863492000 0.00088955129220906590 0.00000000839993959400 
-0.00000000000000000000 -0.00000000000000000000 0.00000000000000000000 0.00000000000000000000 0.00000000000000000001 0.00000000001129555794 0.00003262021034666140 0.12667687798863492000 0.66151465564937251000 0.00464529301709604850 0.00000004386501495952 
-0.00000000000000000000 0.00000000000000000000 0.00000000000000000000 0.00000000000000000000 0.00000000000000000000 0.00000000000007931975 0.00000022906587789926 0.00088955129220906590 0.00464529301709604850 0.00003262021034666065 0.00000000030802922648 
0.00000000000000000000 0.00000000000000000000 0.00000000000000000000 0.00000000000000000000 0.00000000000000000000 0.00000000000000000075 0.00000000000216304507 0.00000000839993959400 0.00000004386501495952 0.00000000030802922648 0.00000000000000290869 
