-0.00000000000000000012 -0.00000000000000003920 -0.00000000000000520639 -0.00000000000028425949 -0.00000000000638048005 -0.00000000005887788542 -0.00000000022336314362 -0.00000000034836240729 -0.00000000022336314362 -0.00000000005887788542 -0.00000000000638048005 -0.00000000000028425949 -0.00000000000000520639 -0.00000000000000003920 -0.00000000000000000012 -0.00000000000000000000 -0.00000000000000000000 -0.00000000000000000000 -0.00000000000000000000 -0.00000000000000000000 -0.00000000000000000000 -0.00000000000000000000 -0.00000000000000000000 -0.00000000000000000000 -0.00000000000000000000 -0.00000000000000000000 -0.00000000000000000000 -0.00000000000000000000 -0.00000000000000000000 -0.00000000000000000000 
-0.00000000000000003920 -0.00000000000001266417 -0.00000000000168187628 -0.00000000009182733359 -0.00000000206115362244 -0.00000001901994297910 -0.00000007215534703853 -0.00000011253517471926 -0.00000007215534703853 -0.00000001901994297910 -0.00000000206115362244 -0.00000000009182733359 -0.00000000000168187628 -0.00000000000001266417 -0.00000000000000003920 -0.00000000000000000005 -0.00000000000000000000 -0.00000000000000000000 -0.00000000000000000000 -0.00000000000000000000 -0.00000000000000000000 -0.00000000000000000000 -0.00000000000000000000 -0.00000000000000000000 -0.00000000000000000000 -0.00000000000000000000 -0.00000000000000000000 -0.00000000000000000000 -0.00000000000000000000 0.00000000000000000000 
-0.00000000000000520639 -0.00000000000168187628 -0.00000000022336314362 -0.00000001219521442726 -0.00000027373342348978 -0.00000252596121393932 -0.00000958265796053655 -0.00001494533852478148 -0.00000958265796053655 -0.00000252596121393932 -0.00000027373342348979 -0.00000001219521442726 -0.00000000022336314362 -0.00000000000168187628 -0.00000000000000520639 -0.00000000000000000663 -0.00000000000000000000 -0.00000000000000000000 -0.00000000000000000000 -0.00000000000000000000 -0.00000000000000000000 -0.00000000000000000000 -0.00000000000000000000 -0.00000000000000000000 -0.00000000000000000000 -0.00000000000000000000 -0.00000000000000000000 -0.00000000000000000000 0.00000000000000000000 0.00000000000000000000 
-0.00000000000028425949 -0.00000000009182733359 -0.00000001219521442726 -0.00000066583614698573 -0.00001494533852478148 -0.00013791280933656217 -0.00052319539704567808 -0.00081598783507214902 -0.00052319539704567808 -0.00013791280933656241 -0.00001494533852478151 -0.00000066583614698574 -0.00000001219521442726 -0.00000000009182733359 -0.00000000000028425949 -0.00000000000000036176 -0.00000000000000000019 -0.00000000000000000000 -0.00000000000000000000 -0.00000000000000000000 -0.00000000000000000000 -0.00000000000000000000 -0.00000000000000000000 -0.00000000000000000000 -0.00000000000000000000 -0.00000000000000000000 -0.00000000000000000000 0.00000000000000000000 0.00000000000000000000 0.00000000000000000000 
-0.00000000000638048005 -0.00000000206115362244 -0.00000027373342348978 -0.00001494533852478148 -0.00033546262790251185 -0.00309558685236524000 -0.01174362845702135000 -0.01831563888873417900 -0.01174362845702136100 -0.00309558685236524260 -0.00033546262790251272 -0.00001494533852478151 -0.00000027373342348979 -0.00000000206115362244 -0.00000000000638048005 -0.00000000000000812001 -0.00000000000000000425 -0.00000000000000000000 -0.00000000000000000000 -0.00000000000000000000 -0.00000000000000000000 -0.00000000000000000000 -0.00000000000000000000 -0.00000000000000000000 -0.00000000000000000000 -0.00000000000000000000 0.00000000000000000000 0.00000000000000000000 0.00000000000000000000 0.00000000000000000000 
-0.00000000005887788542 -0.00000001901994297910 -0.00000252596121393932 -0.00013791280933656217 -0.00309558685236524000 -0.02856550078455035200 -0.10836802322189582000 -0.16901331540606601000 -0.10836802322189586000 -0.02856550078455039100 -0.00309558685236524830 -0.00013791280933656266 -0.00000252596121393933 -0.00000001901994297910 -0.00000000005887788542 -0.00000000000007492999 -0.00000000000000003920 -0.00000000000000000001 -0.00000000000000000000 -0.00000000000000000000 -0.00000000000000000000 -0.00000000000000000000 -0.00000000000000000000 -0.00000000000000000000 -0.00000000000000000000 0.00000000000000000000 0.00000000000000000000 0.00000000000000000000 0.00000000000000000000 0.00000000000000000000 
-0.00000000022336314362 -0.00000007215534703853 -0.00000958265796053655 -0.00052319539704567808 -0.01174362845702135000 -0.10836802322189582000 -0.41111229050718712000 -0.64118038842995428000 -0.41111229050718734000 -0.10836802322189595000 -0.01174362845702139200 -0.00052319539704567949 -0.00000958265796053660 -0.00000007215534703853 -0.00000000022336314362 -0.00000000000028425949 -0.00000000000000014872 -0.00000000000000000003 -0.00000000000000000000 -0.00000000000000000000 -0.00000000000000000000 -0.00000000000000000000 -0.00000000000000000000 -0.00000000000000000000 0.00000000000000000000 0.00000000000000000000 0.00000000000000000000 0.00000000000000000000 0.00000000000000000000 0.00000000000000000000 
-0.00000000034836240729 -0.00000011253517471926 -0.00001494533852478148 -0.00081598783507214902 -0.01831563888873417900 -0.16901331540606601000 -0.64118038842995428000 -1.00000000000000000000 -0.64118038842995473000 -0.16901331540606623000 -0.01831563888873423100 -0.00081598783507215119 -0.00001494533852478156 -0.00000011253517471926 -0.00000000034836240729 -0.00000000000044333777 -0.00000000000000023195 -0.00000000000000000005 -0.00000000000000000000 -0.00000000000000000000 -0.00000000000000000000 -0.00000000000000000000 -0.00000000000000000000 0.00000000000000000000 0.00000000000000000000 0.00000000000000000000 0.00000000000000000000 0.00000000000000000000 0.00000000000000000000 0.00000000000000000000 
-0.00000000022336314362 -0.00000007215534703853 -0.00000958265796053655 -0.00052319539704567808 -0.01174362845702136100 -0.10836802322189586000 -0.41111229050718734000 -0.64118038842995473000 -0.41111229050718762000 -0.10836802322189601000 -0.01174362845702139200 -0.00052319539704567949 -0.00000958265796053660 -0.00000007215534703853 -0.00000000022336314362 -0.00000000000028425949 -0.00000000000000014872 -0.00000000000000000003 -0.00000000000000000000 -0.00000000000000000000 -0.00000000000000000000 -0.00000000000000000000 0.00000000000000000000 0.00000000000000000000 0.00000000000000000000 0.00000000000000000000 0.00000000000000000000 0.00000000000000000000 0.00000000000000000000 0.00000000000000000000 
-0.00000000005887788542 -0.00000001901994297910 -0.00000252596121393932 -0.00013791280933656241 -0.00309558685236524260 -0.02856550078455039100 -0.10836802322189595000 -0.16901331540606623000 -0.10836802322189601000 -0.02856550078455042900 -0.00309558685236525350 -0.00013791280933656266 -0.00000252596121393934 -0.00000001901994297910 -0.00000000005887788542 -0.00000000000007492999 -0.00000000000000003920 -0.00000000000000000001 -0.00000000000000000000 -0.00000000000000000000 -0.00000000000000000000 0.00000000000000000000 0.00000000000000000000 0.00000000000000000000 0.00000000000000000000 0.00000000000000000000 0.00000000000000000000 0.00000000000000000000 0.00000000000000000000 0.00000000000000000000 
-0.00000000000638048005 -0.00000000206115362244 -0.00000027373342348979 -0.00001494533852478151 -0.00033546262790251272 -0.00309558685236524830 -0.01174362845702139200 -0.01831563888873423100 -0.01174362845702139200 -0.00309558685236525350 -0.00033546262790251364 -0.00001494533852478156 -0.00000027373342348979 -0.00000000206115362244 -0.00000000000638048005 -0.00000000000000812001 -0.00000000000000000425 -0.00000000000000000000 -0.00000000000000000000 -0.00000000000000000000 0.00000000000000000000 0.00000000000000000000 0.00000000000000000000 0.00000000000000000000 0.00000000000000000000 0.00000000000000000000 0.00000000000000000000 0.00000000000000000000 0.00000000000000000000 0.00000000000000000000 
-0.00000000000028425949 -0.00000000009182733359 -0.00000001219521442726 -0.00000066583614698574 -0.00001494533852478151 -0.00013791280933656266 -0.00052319539704567949 -0.00081598783507215119 -0.00052319539704567949 -0.00013791280933656266 -0.00001494533852478156 -0.00000066583614698574 -0.00000001219521442726 -0.00000000009182733359 -0.00000000000028425949 -0.00000000000000036176 -0.00000000000000000019 -0.00000000000000000000 -0.00000000000000000000 0.00000000000000000000 0.00000000000000000000 0.00000000000000000000 0.00000000000000000000 0.00000000000000000000 0.00000000000000000000 0.00000000000000000000 0.00000000000000000000 0.00000000000000000000 0.00000000000000000000 0.00000000000000000000 
-0.00000000000000520639 -0.00000000000168187628 -0.00000000022336314362 -0.00000001219521442726 -0.00000027373342348979 -0.00000252596121393933 -0.00000958265796053660 -0.00001494533852478156 -0.00000958265796053660 -0.00000252596121393934 -0.00000027373342348979 -0.00000001219521442726 -0.00000000022336314362 -0.00000000000168187628 -0.00000000000000520639 -0.00000000000000000663 -0.00000000000000000000 -0.00000000000000000000 0.00000000000000000000 0.00000000000000000000 0.00000000000000000001 0.00000000000000000003 0.00000000000000000005 0.00000000000000000003 0.00000000000000000001 0.00000000000000000000 0.00000000000000000000 0.00000000000000000000 0.00000000000000000000 0.00000000000000000000 
-0.00000000000000003920 -0.00000000000001266417 -0.00000000000168187628 -0.00000000009182733359 -0.00000000206115362244 -0.00000001901994297910 -0.00000007215534703853 -0.00000011253517471926 -0.00000007215534703853 -0.00000001901994297910 -0.00000000206115362244 -0.00000000009182733359 -0.00000000000168187628 -0.00000000000001266417 -0.00000000000000003920 -0.00000000000000000005 -0.00000000000000000000 0.00000000000000000000 0.00000000000000000019 0.00000000000000000425 0.00000000000000003920 0.00000000000000014872 0.00000000000000023195 0.00000000000000014872 0.00000000000000003920 0.00000000000000000425 0.00000000000000000019 0.00000000000000000000 0.00000000000000000000 0.00000000000000000000 
-0.00000000000000000012 -0.00000000000000003920 -0.00000000000000520639 -0.00000000000028425949 -0.00000000000638048005 -0.00000000005887788542 -0.00000000022336314362 -0.00000000034836240729 -0.00000000022336314362 -0.00000000005887788542 -0.00000000000638048005 -0.00000000000028425949 -0.00000000000000520639 -0.00000000000000003920 -0.00000000000000000012 -0.00000000000000000000 0.00000000000000000005 0.00000000000000000663 0.00000000000000036176 0.00000000000000812001 0.00000000000007492999 0.00000000000028425949 0.00000000000044333777 0.00000000000028425949 0.00000000000007492999 0.00000000000000812001 0.00000000000000036176 0.00000000000000000663 0.00000000000000000005 0.00000000000000000000 
-0.00000000000000000000 -0.00000000000000000005 -0.00000000000000000663 -0.00000000000000036176 -0.00000000000000812001 -0.00000000000007492999 -0.00000000000028425949 -0.00000000000044333777 -0.00000000000028425949 -0.00000000000007492999 -0.00000000000000812001 -0.00000000000000036176 -0.00000000000000000663 -0.00000000000000000005 -0.00000000000000000000 0.00000000000000000012 0.00000000000000003920 0.00000000000000520639 0.00000000000028425949 0.00000000000638048005 0.00000000005887788542 0.00000000022336314362 0.00000000034836240729 0.00000000022336314362 0.00000000005887788542 0.00000000000638048005 0.00000000000028425949 0.00000000000000520639 0.00000000000000003920 0.00000000000000000012 
-0.00000000000000000000 -0.00000000000000000000 -0.00000000000000000000 -0.00000000000000000019 -0.00000000000000000425 -0.00000000000000003920 -0.00000000000000014872 -0.00000000000000023195 -0.00000000000000014872 -0.00000000000000003920 -0.00000000000000000425 -0.00000000000000000019 -0.00000000000000000000 -0.00000000000000000000 0.00000000000000000005 0.00000000000000003920 0.00000000000001266417 0.00000000000168187628 0.00000000009182733359 0.00000000206115362244 0.00000001901994297910 0.00000007215534703853 0.00000011253517471926 0.00000007215534703853 0.00000001901994297910 0.00000000206115362244 0.00000000009182733359 0.00000000000168187628 0.00000000000001266417 0.00000000000000003920 
-0.00000000000000000000 -0.00000000000000000000 -0.00000000000000000000 -0.00000000000000000000 -0.00000000000000000000 -0.00000000000000000001 -0.00000000000000000003 -0.00000000000000000005 -0.00000000000000000003 -0.00000000000000000001 -0.00000000000000000000 -0.00000000000000000000 -0.00000000000000000000 0.00000000000000000000 0.00000000000000000663 0.00000000000000520639 0.00000000000168187628 0.00000000022336314362 0.00000001219521442726 0.00000027373342348978 0.00000252596121393928 0.00000958265796053643 0.00001494533852478132 0.00000958265796053648 0.00000252596121393931 0.00000027373342348978 0.00000001219521442726 0.00000000022336314362 0.00000000000168187628 0.00000000000000520639 
-0.00000000000000000000 -0.00000000000000000000 -0.00000000000000000000 -0.00000000000000000000 -0.00000000000000000000 -0.00000000000000000000 -0.00000000000000000000 -0.00000000000000000000 -0.00000000000000000000 -0.00000000000000000000 -0.00000000000000000000 -0.00000000000000000000 0.00000000000000000000 0.00000000000000000019 0.00000000000000036176 0.00000000000028425949 0.00000000009182733359 0.00000001219521442726 0.00000066583614698572 0.00001494533852478124 0.00013791280933656043 0.00052319539704567255 0.00081598783507214252 0.00052319539704567537 0.00013791280933656192 0.00001494533852478151 0.00000066583614698574 0.00000001219521442726 0.00000000009182733359 0.00000000000028425949 
-0.00000000000000000000 -0.00000000000000000000 -0.00000000000000000000 -0.00000000000000000000 -0.00000000000000000000 -0.00000000000000000000 -0.00000000000000000000 -0.00000000000000000000 -0.00000000000000000000 -0.00000000000000000000 -0.00000000000000000000 0.00000000000000000000 0.00000000000000000000 0.00000000000000000425 0.00000000000000812001 0.00000000000638048005 0.00000000206115362244 0.00000027373342348978 0.00001494533852478124 0.00033546262790250768 0.00309558685236520400 0.01174362845702125700 0.01831563888873406800 0.01174362845702133000 0.00309558685236524260 0.00033546262790251364 0.00001494533852478161 0.00000027373342348979 0.00000000206115362244 0.00000000000638048005 
-0.00000000000000000000 -0.00000000000000000000 -0.00000000000000000000 -0.00000000000000000000 -0.00000000000000000000 -0.00000000000000000000 -0.00000000000000000000 -0.00000000000000000000 -0.00000000000000000000 -0.00000000000000000000 0.00000000000000000000 0.00000000000000000000 0.00000000000000000001 0.00000000000000003920 0.00000000000007492999 0.00000000005887788542 0.00000001901994297910 0.00000252596121393928 0.00013791280933656043 0.00309558685236520400 0.02856550078455009900 0.10836802322189505000 0.16901331540606526000 0.10836802322189568000 0.02856550078455042900 0.00309558685236525910 0.00013791280933656339 0.00000252596121393936 0.00000001901994297910 0.00000000005887788542 
-0.00000000000000000000 -0.00000000000000000000 -0.00000000000000000000 -0.00000000000000000000 -0.00000000000000000000 -0.00000000000000000000 -0.00000000000000000000 -0.00000000000000000000 -0.00000000000000000000 0.00000000000000000000 0.00000000000000000000 0.00000000000000000000 0.00000000000000000003 0.00000000000000014872 0.00000000000028425949 0.00000000022336314362 0.00000007215534703853 0.00000958265796053643 0.00052319539704567255 0.01174362845702125700 0.10836802322189505000 0.41111229050718523000 0.64118038842995284000 0.41111229050718762000 0.10836802322189634000 0.01174362845702146500 0.00052319539704568459 0.00000958265796053672 0.00000007215534703853 0.00000000022336314362 
-0.00000000000000000000 -0.00000000000000000000 -0.00000000000000000000 -0.00000000000000000000 -0.00000000000000000000 -0.00000000000000000000 -0.00000000000000000000 -0.00000000000000000000 0.00000000000000000000 0.00000000000000000000 0.00000000000000000000 0.00000000000000000000 0.00000000000000000005 0.00000000000000023195 0.00000000000044333777 0.00000000034836240729 0.00000011253517471926 0.00001494533852478132 0.00081598783507214252 0.01831563888873406800 0.16901331540606526000 0.64118038842995284000 1.00000000000000000000 0.64118038842995662000 0.16901331540606726000 0.01831563888873438300 0.00081598783507216127 0.00001494533852478177 0.00000011253517471926 0.00000000034836240729 
-0.00000000000000000000 -0.00000000000000000000 -0.00000000000000000000 -0.00000000000000000000 -0.00000000000000000000 -0.00000000000000000000 -0.00000000000000000000 0.00000000000000000000 0.00000000000000000000 0.00000000000000000000 0.00000000000000000000 0.00000000000000000000 0.00000000000000000003 0.00000000000000014872 0.00000000000028425949 0.00000000022336314362 0.00000007215534703853 0.00000958265796053648 0.00052319539704567537 0.01174362845702133000 0.10836802322189568000 0.41111229050718762000 0.64118038842995662000 0.41111229050719006000 0.10836802322189697000 0.01174362845702153800 0.00052319539704568784 0.00000958265796053677 0.00000007215534703853 0.00000000022336314362 
-0.00000000000000000000 -0.00000000000000000000 -0.00000000000000000000 -0.00000000000000000000 -0.00000000000000000000 -0.00000000000000000000 0.00000000000000000000 0.00000000000000000000 0.00000000000000000000 0.00000000000000000000 0.00000000000000000000 0.00000000000000000000 0.00000000000000000001 0.00000000000000003920 0.00000000000007492999 0.00000000005887788542 0.00000001901994297910 0.00000252596121393931 0.00013791280933656192 0.00309558685236524260 0.02856550078455042900 0.10836802322189634000 0.16901331540606726000 0.10836802322189697000 0.02856550078455077200 0.00309558685236529510 0.00013791280933656534 0.00000252596121393939 0.00000001901994297910 0.00000000005887788542 
-0.00000000000000000000 -0.00000000000000000000 -0.00000000000000000000 -0.00000000000000000000 -0.00000000000000000000 0.00000000000000000000 0.00000000000000000000 0.00000000000000000000 0.00000000000000000000 0.00000000000000000000 0.00000000000000000000 0.00000000000000000000 0.00000000000000000000 0.00000000000000000425 0.00000000000000812001 0.00000000000638048005 0.00000000206115362244 0.00000027373342348978 0.00001494533852478151 0.00033546262790251364 0.00309558685236525910 0.01174362845702146500 0.01831563888873438300 0.01174362845702153800 0.00309558685236529510 0.00033546262790251928 0.00001494533852478185 0.00000027373342348979 0.00000000206115362244 0.00000000000638048005 
-0.00000000000000000000 -0.00000000000000000000 -0.00000000000000000000 -0.00000000000000000000 0.00000000000000000000 0.00000000000000000000 0.00000000000000000000 0.00000000000000000000 0.00000000000000000000 0.00000000000000000000 0.00000000000000000000 0.00000000000000000000 0.00000000000000000000 0.00000000000000000019 0.00000000000000036176 0.00000000000028425949 0.00000000009182733359 0.00000001219521442726 0.00000066583614698574 0.00001494533852478161 0.00013791280933656339 0.00052319539704568459 0.00081598783507216127 0.00052319539704568784 0.00013791280933656534 0.00001494533852478185 0.00000066583614698575 0.00000001219521442726 0.00000000009182733359 0.00000000000028425949 
-0.00000000000000000000 -0.00000000000000000000 -0.00000000000000000000 0.00000000000000000000 0.00000000000000000000 0.00000000000000000000 0.00000000000000000000 0.00000000000000000000 0.00000000000000000000 0.00000000000000000000 0.00000000000000000000 0.00000000000000000000 0.00000000000000000000 0.00000000000000000000 0.00000000000000000663 0.00000000000000520639 0.00000000000168187628 0.00000000022336314362 0.00000001219521442726 0.00000027373342348979 0.00000252596121393936 0.00000958265796053672 0.00001494533852478177 0.00000958265796053677 0.00000252596121393939 0.00000027373342348979 0.00000001219521442726 0.00000000022336314362 0.00000000000168187628 0.00000000000000520639 
-0.00000000000000000000 -0.00000000000000000000 0.00000000000000000000 0.00000000000000000000 0.00000000000000000000 0.00000000000000000000 0.00000000000000000000 0.00000000000000000000 0.00000000000000000000 0.00000000000000000000 0.00000000000000000000 0.00000000000000000000 0.00000000000000000000 0.00000000000000000000 0.00000000000000000005 0.00000000000000003920 0.00000000000001266417 0.00000000000168187628 0.00000000009182733359 0.00000000206115362244 0.00000001901994297910 0.00000007215534703853 0.00000011253517471926 0.00000007215534703853 0.00000001901994297910 0.00000000206115362244 0.00000000009182733359 0.00000000000168187628 0.00000000000001266417 0.00000000000000003920 
-0.00000000000000000000 0.00000000000000000000 0.00000000000000000000 0.00000000000000000000 0.00000000000000000000 0.00000000000000000000 0.00000000000000000000 0.00000000000000000000 0.00000000000000000000 0.00000000000000000000 0.00000000000000000000 0.00000000000000000000 0.00000000000000000000 0.00000000000000000000 0.00000000000000000000 0.00000000000000000012 0.00000000000000003920 0.00000000000000520639 0.00000000000028425949 0.00000000000638048005 0.00000000005887788542 0.00000000022336314362 0.00000000034836240729 0.00000000022336314362 0.00000000005887788542 0.00000000000638048005 0.00000000000028425949 0.00000000000000520639 0.00000000000000003920 0.00000000000000000012 
