-0.00000000000000000000 -0.00000000000000000008 -0.00000000000000000121 -0.00000000000000001527 -0.00000000000000015911 -0.00000000000000136378 -0.00000000000000961559 -0.00000000000005576789 -0.00000000000026605373 -0.00000000000104407413 -0.00000000000337031257 -0.00000000000894923444 -0.00000000001954692511 -0.00000000003511946345 -0.00000000005190320237 -0.00000000006309824719 -0.00000000006309824719 -0.00000000005190320237 -0.00000000003511946345 -0.00000000001954692511 -0.00000000000894923444 -0.00000000000337031257 -0.00000000000104407413 -0.00000000000026605373 -0.00000000000005576789 -0.00000000000000961559 -0.00000000000000136378 -0.00000000000000015911 -0.00000000000000001527 -0.00000000000000000121 -0.00000000000000000008 -0.00000000000000000000 -0.00000000000000000000 -0.00000000000000000000 -0.00000000000000000000 -0.00000000000000000000 -0.00000000000000000000 -0.00000000000000000000 -0.00000000000000000000 -0.00000000000000000000 -0.00000000000000000000 -0.00000000000000000000 -0.00000000000000000000 -0.00000000000000000000 -0.00000000000000000000 -0.00000000000000000000 -0.00000000000000000000 -0.00000000000000000000 -0.00000000000000000000 -0.00000000000000000000 -0.00000000000000000000 -0.00000000000000000000 -0.00000000000000000000 -0.00000000000000000000 -0.00000000000000000000 -0.00000000000000000000 -0.00000000000000000000 -0.00000000000000000000 -0.00000000000000000000 -0.00000000000000000000 -0.00000000000000000000 -0.00000000000000000000 -0.00000000000000000000 0.00000000000000000000 
-0.00000000000000000008 -0.00000000000000000147 -0.00000000000000002257 -0.00000000000000028586 -0.00000000000000297877 -0.00000000000002553240 -0.00000000000018002096 -0.00000000000104407413 -0.00000000000498099909 -0.00000000001954692511 -0.00000000006309824719 -0.00000000016754558960 -0.00000000036595321265 -0.00000000065749883417 -0.00000000097172028550 -0.00000000118131144092 -0.00000000118131144092 -0.00000000097172028550 -0.00000000065749883417 -0.00000000036595321265 -0.00000000016754558960 -0.00000000006309824719 -0.00000000001954692511 -0.00000000000498099909 -0.00000000000104407413 -0.00000000000018002096 -0.00000000000002553240 -0.00000000000000297877 -0.00000000000000028586 -0.00000000000000002257 -0.00000000000000000147 -0.00000000000000000008 -0.00000000000000000000 -0.00000000000000000000 -0.00000000000000000000 -0.00000000000000000000 -0.00000000000000000000 -0.00000000000000000000 -0.00000000000000000000 -0.00000000000000000000 -0.00000000000000000000 -0.00000000000000000000 -0.00000000000000000000 -0.00000000000000000000 -0.00000000000000000000 -0.00000000000000000000 -0.00000000000000000000 -0.00000000000000000000 -0.00000000000000000000 -0.00000000000000000000 -0.00000000000000000000 -0.00000000000000000000 -0.00000000000000000000 -0.00000000000000000000 -0.00000000000000000000 -0.00000000000000000000 -0.00000000000000000000 -0.00000000000000000000 -0.00000000000000000000 -0.00000000000000000000 -0.00000000000000000000 -0.00000000000000000000 0.00000000000000000000 0.00000000000000000000 
-0.00000000000000000121 -0.00000000000000002257 -0.00000000000000034752 -0.00000000000000440234 -0.00000000000004587342 -0.00000000000039320192 -0.00000000000277234350 -0.00000000001607886201 -0.00000000007670796054 -0.00000000030102490161 -0.00000000097172028550 -0.00000000258022140707 -0.00000000563572168941 -0.00000001012555789228 -0.00000001496460448988 -0.00000001819233246071 -0.00000001819233246071 -0.00000001496460448988 -0.00000001012555789228 -0.00000000563572168941 -0.00000000258022140707 -0.00000000097172028550 -0.00000000030102490161 -0.00000000007670796054 -0.00000000001607886201 -0.00000000000277234350 -0.00000000000039320192 -0.00000000000004587342 -0.00000000000000440234 -0.00000000000000034752 -0.00000000000000002257 -0.00000000000000000121 -0.00000000000000000005 -0.00000000000000000000 -0.00000000000000000000 -0.00000000000000000000 -0.00000000000000000000 -0.00000000000000000000 -0.00000000000000000000 -0.00000000000000000000 -0.00000000000000000000 -0.00000000000000000000 -0.00000000000000000000 -0.00000000000000000000 -0.00000000000000000000 -0.00000000000000000000 -0.00000000000000000000 -0.00000000000000000000 -0.00000000000000000000 -0.00000000000000000000 -0.00000000000000000000 -0.00000000000000000000 -0.00000000000000000000 -0.00000000000000000000 -0.00000000000000000000 -0.00000000000000000000 -0.00000000000000000000 -0.00000000000000000000 -0.00000000000000000000 -0.00000000000000000000 -0.00000000000000000000 0.00000000000000000000 0.00000000000000000000 0.00000000000000000000 
-0.00000000000000001527 -0.00000000000000028586 -0.00000000000000440234 -0.00000000000005576789 -0.00000000000058111477 -0.00000000000498099909 -0.00000000003511946345 -0.00000000020368363697 -0.00000000097172028550 -0.00000000381332004260 -0.00000001230954788355 -0.00000003268570126033 -0.00000007139213519489 -0.00000012826843442734 -0.00000018956845737906 -0.00000023045663539165 -0.00000023045663539165 -0.00000018956845737906 -0.00000012826843442734 -0.00000007139213519489 -0.00000003268570126033 -0.00000001230954788355 -0.00000000381332004260 -0.00000000097172028550 -0.00000000020368363697 -0.00000000003511946345 -0.00000000000498099909 -0.00000000000058111477 -0.00000000000005576789 -0.00000000000000440234 -0.00000000000000028586 -0.00000000000000001527 -0.00000000000000000067 -0.00000000000000000002 -0.00000000000000000000 -0.00000000000000000000 -0.00000000000000000000 -0.00000000000000000000 -0.00000000000000000000 -0.00000000000000000000 -0.00000000000000000000 -0.00000000000000000000 -0.00000000000000000000 -0.00000000000000000000 -0.00000000000000000000 -0.00000000000000000000 -0.00000000000000000000 -0.00000000000000000000 -0.00000000000000000000 -0.00000000000000000000 -0.00000000000000000000 -0.00000000000000000000 -0.00000000000000000000 -0.00000000000000000000 -0.00000000000000000000 -0.00000000000000000000 -0.00000000000000000000 -0.00000000000000000000 -0.00000000000000000000 -0.00000000000000000000 0.00000000000000000000 0.00000000000000000000 0.00000000000000000000 0.00000000000000000000 
-0.00000000000000015911 -0.00000000000000297877 -0.00000000000004587342 -0.00000000000058111477 -0.00000000000605535492 -0.00000000005190320237 -0.00000000036595321265 -0.00000000212243223548 -0.00000001012555789228 -0.00000003973570731132 -0.00000012826843442734 -0.00000034059282830580 -0.00000074392313174351 -0.00000133658777934757 -0.00000197534868663383 -0.00000240141328542155 -0.00000240141328542155 -0.00000197534868663383 -0.00000133658777934757 -0.00000074392313174351 -0.00000034059282830580 -0.00000012826843442734 -0.00000003973570731132 -0.00000001012555789228 -0.00000000212243223548 -0.00000000036595321265 -0.00000000005190320237 -0.00000000000605535492 -0.00000000000058111477 -0.00000000000004587342 -0.00000000000000297877 -0.00000000000000015911 -0.00000000000000000699 -0.00000000000000000025 -0.00000000000000000001 -0.00000000000000000000 -0.00000000000000000000 -0.00000000000000000000 -0.00000000000000000000 -0.00000000000000000000 -0.00000000000000000000 -0.00000000000000000000 -0.00000000000000000000 -0.00000000000000000000 -0.00000000000000000000 -0.00000000000000000000 -0.00000000000000000000 -0.00000000000000000000 -0.00000000000000000000 -0.00000000000000000000 -0.00000000000000000000 -0.00000000000000000000 -0.00000000000000000000 -0.00000000000000000000 -0.00000000000000000000 -0.00000000000000000000 -0.00000000000000000000 -0.00000000000000000000 -0.00000000000000000000 0.00000000000000000000 0.00000000000000000000 0.00000000000000000000 0.00000000000000000000 0.00000000000000000000 
-0.00000000000000136378 -0.00000000000002553240 -0.00000000000039320192 -0.00000000000498099909 -0.00000000005190320237 -0.00000000044488596501 -0.00000000313675150529 -0.00000001819233246071 -0.00000008679076412772 -0.00000034059282830580 -0.00000109944711746757 -0.00000291937611137720 -0.00000637650366954582 -0.00001145650204437842 -0.00001693161243613002 -0.00002058360598453094 -0.00002058360598453094 -0.00001693161243613002 -0.00001145650204437842 -0.00000637650366954582 -0.00000291937611137720 -0.00000109944711746757 -0.00000034059282830580 -0.00000008679076412772 -0.00000001819233246071 -0.00000000313675150529 -0.00000000044488596501 -0.00000000005190320237 -0.00000000000498099909 -0.00000000000039320192 -0.00000000000002553240 -0.00000000000000136378 -0.00000000000000005992 -0.00000000000000000217 -0.00000000000000000006 -0.00000000000000000000 -0.00000000000000000000 -0.00000000000000000000 -0.00000000000000000000 -0.00000000000000000000 -0.00000000000000000000 -0.00000000000000000000 -0.00000000000000000000 -0.00000000000000000000 -0.00000000000000000000 -0.00000000000000000000 -0.00000000000000000000 -0.00000000000000000000 -0.00000000000000000000 -0.00000000000000000000 -0.00000000000000000000 -0.00000000000000000000 -0.00000000000000000000 -0.00000000000000000000 -0.00000000000000000000 -0.00000000000000000000 -0.00000000000000000000 -0.00000000000000000000 0.00000000000000000000 0.00000000000000000000 0.00000000000000000000 0.00000000000000000000 0.00000000000000000000 0.00000000000000000000 
-0.00000000000000961559 -0.00000000000018002096 -0.00000000000277234350 -0.00000000003511946345 -0.00000000036595321265 -0.00000000313675150529 -0.00000002211625175827 -0.00000012826843442734 -0.00000061193447632155 -0.00000240141328542155 -0.00000775185704184748 -0.00002058360598453094 -0.00004495872888092168 -0.00008077620527326082 -0.00011937949266279195 -0.00014512855458235114 -0.00014512855458235114 -0.00011937949266279195 -0.00008077620527326082 -0.00004495872888092168 -0.00002058360598453094 -0.00000775185704184748 -0.00000240141328542155 -0.00000061193447632155 -0.00000012826843442734 -0.00000002211625175827 -0.00000000313675150529 -0.00000000036595321265 -0.00000000003511946345 -0.00000000000277234350 -0.00000000000018002096 -0.00000000000000961559 -0.00000000000000042248 -0.00000000000000001527 -0.00000000000000000045 -0.00000000000000000001 -0.00000000000000000000 -0.00000000000000000000 -0.00000000000000000000 -0.00000000000000000000 -0.00000000000000000000 -0.00000000000000000000 -0.00000000000000000000 -0.00000000000000000000 -0.00000000000000000000 -0.00000000000000000000 -0.00000000000000000000 -0.00000000000000000000 -0.00000000000000000000 -0.00000000000000000000 -0.00000000000000000000 -0.00000000000000000000 -0.00000000000000000000 -0.00000000000000000000 -0.00000000000000000000 -0.00000000000000000000 -0.00000000000000000000 0.00000000000000000000 0.00000000000000000000 0.00000000000000000000 0.00000000000000000000 0.00000000000000000000 0.00000000000000000000 0.00000000000000000000 
-0.00000000000005576789 -0.00000000000104407413 -0.00000000001607886201 -0.00000000020368363697 -0.00000000212243223548 -0.00000001819233246071 -0.00000012826843442734 -0.00000074392313174351 -0.00000354905876944199 -0.00001392756448519075 -0.00004495872888092168 -0.00011937949266279195 -0.00026074878466882730 -0.00046848071285441305 -0.00069236961099701901 -0.00084170738742015436 -0.00084170738742015436 -0.00069236961099701901 -0.00046848071285441305 -0.00026074878466882730 -0.00011937949266279195 -0.00004495872888092168 -0.00001392756448519075 -0.00000354905876944199 -0.00000074392313174351 -0.00000012826843442734 -0.00000001819233246071 -0.00000000212243223548 -0.00000000020368363697 -0.00000000001607886201 -0.00000000000104407413 -0.00000000000005576789 -0.00000000000000245027 -0.00000000000000008856 -0.00000000000000000263 -0.00000000000000000006 -0.00000000000000000000 -0.00000000000000000000 -0.00000000000000000000 -0.00000000000000000000 -0.00000000000000000000 -0.00000000000000000000 -0.00000000000000000000 -0.00000000000000000000 -0.00000000000000000000 -0.00000000000000000000 -0.00000000000000000000 -0.00000000000000000000 -0.00000000000000000000 -0.00000000000000000000 -0.00000000000000000000 -0.00000000000000000000 -0.00000000000000000000 -0.00000000000000000000 -0.00000000000000000000 -0.00000000000000000000 0.00000000000000000000 0.00000000000000000000 0.00000000000000000000 0.00000000000000000000 0.00000000000000000000 0.00000000000000000000 0.00000000000000000000 0.00000000000000000000 
-0.00000000000026605373 -0.00000000000498099909 -0.00000000007670796054 -0.00000000097172028550 -0.00000001012555789228 -0.00000008679076412772 -0.00000061193447632155 -0.00000354905876944199 -0.00001693161243613002 -0.00006644469403349303 -0.00021448609969129822 -0.00056952770689283952 -0.00124396287917729860 -0.00223499648192638290 -0.00330311067736947660 -0.00401556136267258720 -0.00401556136267258720 -0.00330311067736947660 -0.00223499648192638290 -0.00124396287917729860 -0.00056952770689283952 -0.00021448609969129822 -0.00006644469403349303 -0.00001693161243613002 -0.00000354905876944199 -0.00000061193447632155 -0.00000008679076412772 -0.00000001012555789228 -0.00000000097172028550 -0.00000000007670796054 -0.00000000000498099909 -0.00000000000026605373 -0.00000000000001168958 -0.00000000000000042248 -0.00000000000000001256 -0.00000000000000000031 -0.00000000000000000001 -0.00000000000000000000 -0.00000000000000000000 -0.00000000000000000000 -0.00000000000000000000 -0.00000000000000000000 -0.00000000000000000000 -0.00000000000000000000 -0.00000000000000000000 -0.00000000000000000000 -0.00000000000000000000 -0.00000000000000000000 -0.00000000000000000000 -0.00000000000000000000 -0.00000000000000000000 -0.00000000000000000000 -0.00000000000000000000 -0.00000000000000000000 -0.00000000000000000000 0.00000000000000000000 0.00000000000000000000 0.00000000000000000000 0.00000000000000000000 0.00000000000000000000 0.00000000000000000000 0.00000000000000000000 0.00000000000000000000 0.00000000000000000000 
-0.00000000000104407413 -0.00000000001954692511 -0.00000000030102490161 -0.00000000381332004260 -0.00000003973570731132 -0.00000034059282830580 -0.00000240141328542155 -0.00001392756448519075 -0.00006644469403349303 -0.00026074878466882730 -0.00084170738742015436 -0.00223499648192638290 -0.00488168112799365880 -0.00877079238422933190 -0.01296239086173785500 -0.01575825971223804600 -0.01575825971223804600 -0.01296239086173785500 -0.00877079238422933190 -0.00488168112799365880 -0.00223499648192638290 -0.00084170738742015436 -0.00026074878466882730 -0.00006644469403349303 -0.00001392756448519075 -0.00000240141328542155 -0.00000034059282830580 -0.00000003973570731132 -0.00000000381332004260 -0.00000000030102490161 -0.00000000001954692511 -0.00000000000104407413 -0.00000000000004587342 -0.00000000000000165794 -0.00000000000000004929 -0.00000000000000000121 -0.00000000000000000002 -0.00000000000000000000 -0.00000000000000000000 -0.00000000000000000000 -0.00000000000000000000 -0.00000000000000000000 -0.00000000000000000000 -0.00000000000000000000 -0.00000000000000000000 -0.00000000000000000000 -0.00000000000000000000 -0.00000000000000000000 -0.00000000000000000000 -0.00000000000000000000 -0.00000000000000000000 -0.00000000000000000000 -0.00000000000000000000 -0.00000000000000000000 0.00000000000000000000 0.00000000000000000000 0.00000000000000000000 0.00000000000000000000 0.00000000000000000000 0.00000000000000000000 0.00000000000000000000 0.00000000000000000000 0.00000000000000000000 0.00000000000000000000 
-0.00000000000337031257 -0.00000000006309824719 -0.00000000097172028550 -0.00000001230954788355 -0.00000012826843442734 -0.00000109944711746757 -0.00000775185704184748 -0.00004495872888092168 -0.00021448609969129822 -0.00084170738742015436 -0.00271706472932358580 -0.00721465701972413570 -0.01575825971223804600 -0.02831246463031678000 -0.04184311025959160100 -0.05086828546304575400 -0.05086828546304575400 -0.04184311025959160100 -0.02831246463031678000 -0.01575825971223804600 -0.00721465701972413570 -0.00271706472932358580 -0.00084170738742015436 -0.00021448609969129822 -0.00004495872888092168 -0.00000775185704184748 -0.00000109944711746757 -0.00000012826843442734 -0.00000001230954788355 -0.00000000097172028550 -0.00000000006309824719 -0.00000000000337031257 -0.00000000000014808120 -0.00000000000000535188 -0.00000000000000015911 -0.00000000000000000389 -0.00000000000000000008 -0.00000000000000000000 -0.00000000000000000000 -0.00000000000000000000 -0.00000000000000000000 -0.00000000000000000000 -0.00000000000000000000 -0.00000000000000000000 -0.00000000000000000000 -0.00000000000000000000 -0.00000000000000000000 -0.00000000000000000000 -0.00000000000000000000 -0.00000000000000000000 -0.00000000000000000000 -0.00000000000000000000 -0.00000000000000000000 0.00000000000000000000 0.00000000000000000000 0.00000000000000000000 0.00000000000000000000 0.00000000000000000000 0.00000000000000000000 0.00000000000000000000 0.00000000000000000000 0.00000000000000000000 0.00000000000000000000 0.00000000000000000000 
-0.00000000000894923444 -0.00000000016754558960 -0.00000000258022140707 -0.00000003268570126033 -0.00000034059282830580 -0.00000291937611137720 -0.00002058360598453094 -0.00011937949266279195 -0.00056952770689283952 -0.00223499648192638290 -0.00721465701972413570 -0.01915717183712915500 -0.04184311025959160100 -0.07517845249923726900 -0.11110655035318485000 -0.13507121447513631000 -0.13507121447513631000 -0.11110655035318485000 -0.07517845249923726900 -0.04184311025959160100 -0.01915717183712915500 -0.00721465701972413570 -0.00223499648192638290 -0.00056952770689283952 -0.00011937949266279195 -0.00002058360598453094 -0.00000291937611137720 -0.00000034059282830580 -0.00000003268570126033 -0.00000000258022140707 -0.00000000016754558960 -0.00000000000894923444 -0.00000000000039320192 -0.00000000000001421092 -0.00000000000000042248 -0.00000000000000001033 -0.00000000000000000021 -0.00000000000000000000 -0.00000000000000000000 -0.00000000000000000000 -0.00000000000000000000 -0.00000000000000000000 -0.00000000000000000000 -0.00000000000000000000 -0.00000000000000000000 -0.00000000000000000000 -0.00000000000000000000 -0.00000000000000000000 -0.00000000000000000000 -0.00000000000000000000 -0.00000000000000000000 -0.00000000000000000000 0.00000000000000000000 0.00000000000000000000 0.00000000000000000000 0.00000000000000000000 0.00000000000000000000 0.00000000000000000000 0.00000000000000000000 0.00000000000000000000 0.00000000000000000000 0.00000000000000000000 0.00000000000000000000 0.00000000000000000000 
-0.00000000001954692511 -0.00000000036595321265 -0.00000000563572168941 -0.00000007139213519489 -0.00000074392313174351 -0.00000637650366954582 -0.00004495872888092168 -0.00026074878466882730 -0.00124396287917729860 -0.00488168112799365880 -0.01575825971223804600 -0.04184311025959160100 -0.09139375535604728200 -0.16420483690469745000 -0.24267901736835257000 -0.29502265617444290000 -0.29502265617444290000 -0.24267901736835257000 -0.16420483690469745000 -0.09139375535604728200 -0.04184311025959160100 -0.01575825971223804600 -0.00488168112799365880 -0.00124396287917729860 -0.00026074878466882730 -0.00004495872888092168 -0.00000637650366954582 -0.00000074392313174351 -0.00000007139213519489 -0.00000000563572168941 -0.00000000036595321265 -0.00000000001954692511 -0.00000000000085883195 -0.00000000000003103951 -0.00000000000000092278 -0.00000000000000002257 -0.00000000000000000045 -0.00000000000000000001 -0.00000000000000000000 -0.00000000000000000000 -0.00000000000000000000 -0.00000000000000000000 -0.00000000000000000000 -0.00000000000000000000 -0.00000000000000000000 -0.00000000000000000000 -0.00000000000000000000 -0.00000000000000000000 -0.00000000000000000000 -0.00000000000000000000 -0.00000000000000000000 0.00000000000000000000 0.00000000000000000000 0.00000000000000000000 0.00000000000000000000 0.00000000000000000000 0.00000000000000000000 0.00000000000000000000 0.00000000000000000000 0.00000000000000000000 0.00000000000000000000 0.00000000000000000000 0.00000000000000000000 0.00000000000000000000 
-0.00000000003511946345 -0.00000000065749883417 -0.00000001012555789228 -0.00000012826843442734 -0.00000133658777934757 -0.00001145650204437842 -0.00008077620527326082 -0.00046848071285441305 -0.00223499648192638290 -0.00877079238422933190 -0.02831246463031678000 -0.07517845249923726900 -0.16420483690469745000 -0.29502265617444290000 -0.43601522130172393000 -0.53005970650389311000 -0.53005970650389311000 -0.43601522130172393000 -0.29502265617444290000 -0.16420483690469745000 -0.07517845249923726900 -0.02831246463031678000 -0.00877079238422933190 -0.00223499648192638290 -0.00046848071285441305 -0.00008077620527326082 -0.00001145650204437842 -0.00000133658777934757 -0.00000012826843442734 -0.00000001012555789228 -0.00000000065749883417 -0.00000000003511946345 -0.00000000000154304153 -0.00000000000005576789 -0.00000000000000165794 -0.00000000000000004054 -0.00000000000000000082 -0.00000000000000000001 -0.00000000000000000000 -0.00000000000000000000 -0.00000000000000000000 -0.00000000000000000000 -0.00000000000000000000 -0.00000000000000000000 -0.00000000000000000000 -0.00000000000000000000 -0.00000000000000000000 -0.00000000000000000000 -0.00000000000000000000 -0.00000000000000000000 0.00000000000000000000 0.00000000000000000000 0.00000000000000000000 0.00000000000000000000 0.00000000000000000000 0.00000000000000000000 0.00000000000000000000 0.00000000000000000000 0.00000000000000000000 0.00000000000000000000 0.00000000000000000000 0.00000000000000000000 0.00000000000000000000 0.00000000000000000000 
-0.00000000005190320237 -0.00000000097172028550 -0.00000001496460448988 -0.00000018956845737906 -0.00000197534868663383 -0.00001693161243613002 -0.00011937949266279195 -0.00069236961099701901 -0.00330311067736947660 -0.01296239086173785500 -0.04184311025959160100 -0.11110655035318485000 -0.24267901736835257000 -0.43601522130172393000 -0.64438872482519538000 -0.78337746406081821000 -0.78337746406081821000 -0.64438872482519538000 -0.43601522130172393000 -0.24267901736835257000 -0.11110655035318485000 -0.04184311025959160100 -0.01296239086173785500 -0.00330311067736947660 -0.00069236961099701901 -0.00011937949266279195 -0.00001693161243613002 -0.00000197534868663383 -0.00000018956845737906 -0.00000001496460448988 -0.00000000097172028550 -0.00000000005190320237 -0.00000000000228046756 -0.00000000000008241960 -0.00000000000000245027 -0.00000000000000005992 -0.00000000000000000121 -0.00000000000000000002 -0.00000000000000000000 -0.00000000000000000000 -0.00000000000000000000 -0.00000000000000000000 -0.00000000000000000000 -0.00000000000000000000 -0.00000000000000000000 -0.00000000000000000000 -0.00000000000000000000 -0.00000000000000000000 -0.00000000000000000000 0.00000000000000000000 0.00000000000000000000 0.00000000000000000000 0.00000000000000000000 0.00000000000000000000 0.00000000000000000000 0.00000000000000000000 0.00000000000000000000 0.00000000000000000000 0.00000000000000000000 0.00000000000000000000 0.00000000000000000000 0.00000000000000000000 0.00000000000000000000 0.00000000000000000000 
-0.00000000006309824719 -0.00000000118131144092 -0.00000001819233246071 -0.00000023045663539165 -0.00000240141328542155 -0.00002058360598453094 -0.00014512855458235114 -0.00084170738742015436 -0.00401556136267258720 -0.01575825971223804600 -0.05086828546304575400 -0.13507121447513631000 -0.29502265617444290000 -0.53005970650389311000 -0.78337746406081821000 -0.95234479989517640000 -0.95234479989517640000 -0.78337746406081821000 -0.53005970650389311000 -0.29502265617444290000 -0.13507121447513631000 -0.05086828546304575400 -0.01575825971223804600 -0.00401556136267258720 -0.00084170738742015436 -0.00014512855458235114 -0.00002058360598453094 -0.00000240141328542155 -0.00000023045663539165 -0.00000001819233246071 -0.00000000118131144092 -0.00000000006309824719 -0.00000000000277234350 -0.00000000000010019675 -0.00000000000000297877 -0.00000000000000007284 -0.00000000000000000147 -0.00000000000000000002 -0.00000000000000000000 -0.00000000000000000000 -0.00000000000000000000 -0.00000000000000000000 -0.00000000000000000000 -0.00000000000000000000 -0.00000000000000000000 -0.00000000000000000000 -0.00000000000000000000 -0.00000000000000000000 0.00000000000000000000 0.00000000000000000000 0.00000000000000000000 0.00000000000000000000 0.00000000000000000000 0.00000000000000000000 0.00000000000000000000 0.00000000000000000000 0.00000000000000000000 0.00000000000000000000 0.00000000000000000000 0.00000000000000000000 0.00000000000000000000 0.00000000000000000000 0.00000000000000000000 0.00000000000000000000 
-0.00000000006309824719 -0.00000000118131144092 -0.00000001819233246071 -0.00000023045663539165 -0.00000240141328542155 -0.00002058360598453094 -0.00014512855458235114 -0.00084170738742015436 -0.00401556136267258720 -0.01575825971223804600 -0.05086828546304575400 -0.13507121447513631000 -0.29502265617444290000 -0.53005970650389311000 -0.78337746406081821000 -0.95234479989517640000 -0.95234479989517640000 -0.78337746406081821000 -0.53005970650389311000 -0.29502265617444290000 -0.13507121447513631000 -0.05086828546304575400 -0.01575825971223804600 -0.00401556136267258720 -0.00084170738742015436 -0.00014512855458235114 -0.00002058360598453094 -0.00000240141328542155 -0.00000023045663539165 -0.00000001819233246071 -0.00000000118131144092 -0.00000000006309824719 -0.00000000000277234350 -0.00000000000010019675 -0.00000000000000297877 -0.00000000000000007284 -0.00000000000000000147 -0.00000000000000000002 -0.00000000000000000000 -0.00000000000000000000 -0.00000000000000000000 -0.00000000000000000000 -0.00000000000000000000 -0.00000000000000000000 -0.00000000000000000000 -0.00000000000000000000 -0.00000000000000000000 0.00000000000000000000 0.00000000000000000000 0.00000000000000000000 0.00000000000000000000 0.00000000000000000000 0.00000000000000000000 0.00000000000000000000 0.00000000000000000000 0.00000000000000000000 0.00000000000000000000 0.00000000000000000000 0.00000000000000000000 0.00000000000000000000 0.00000000000000000000 0.00000000000000000000 0.00000000000000000000 0.00000000000000000000 
-0.00000000005190320237 -0.00000000097172028550 -0.00000001496460448988 -0.00000018956845737906 -0.00000197534868663383 -0.00001693161243613002 -0.00011937949266279195 -0.00069236961099701901 -0.00330311067736947660 -0.01296239086173785500 -0.04184311025959160100 -0.11110655035318485000 -0.24267901736835257000 -0.43601522130172393000 -0.64438872482519538000 -0.78337746406081821000 -0.78337746406081821000 -0.64438872482519538000 -0.43601522130172393000 -0.24267901736835257000 -0.11110655035318485000 -0.04184311025959160100 -0.01296239086173785500 -0.00330311067736947660 -0.00069236961099701901 -0.00011937949266279195 -0.00001693161243613002 -0.00000197534868663383 -0.00000018956845737906 -0.00000001496460448988 -0.00000000097172028550 -0.00000000005190320237 -0.00000000000228046756 -0.00000000000008241960 -0.00000000000000245027 -0.00000000000000005992 -0.00000000000000000121 -0.00000000000000000002 -0.00000000000000000000 -0.00000000000000000000 -0.00000000000000000000 -0.00000000000000000000 -0.00000000000000000000 -0.00000000000000000000 -0.00000000000000000000 -0.00000000000000000000 0.00000000000000000000 0.00000000000000000000 0.00000000000000000000 0.00000000000000000000 0.00000000000000000000 0.00000000000000000000 0.00000000000000000000 0.00000000000000000000 0.00000000000000000000 0.00000000000000000000 0.00000000000000000000 0.00000000000000000000 0.00000000000000000000 0.00000000000000000000 0.00000000000000000000 0.00000000000000000000 0.00000000000000000000 0.00000000000000000000 
-0.00000000003511946345 -0.00000000065749883417 -0.00000001012555789228 -0.00000012826843442734 -0.00000133658777934757 -0.00001145650204437842 -0.00008077620527326082 -0.00046848071285441305 -0.00223499648192638290 -0.00877079238422933190 -0.02831246463031678000 -0.07517845249923726900 -0.16420483690469745000 -0.29502265617444290000 -0.43601522130172393000 -0.53005970650389311000 -0.53005970650389311000 -0.43601522130172393000 -0.29502265617444290000 -0.16420483690469745000 -0.07517845249923726900 -0.02831246463031678000 -0.00877079238422933190 -0.00223499648192638290 -0.00046848071285441305 -0.00008077620527326082 -0.00001145650204437842 -0.00000133658777934757 -0.00000012826843442734 -0.00000001012555789228 -0.00000000065749883417 -0.00000000003511946345 -0.00000000000154304153 -0.00000000000005576789 -0.00000000000000165794 -0.00000000000000004054 -0.00000000000000000082 -0.00000000000000000001 -0.00000000000000000000 -0.00000000000000000000 -0.00000000000000000000 -0.00000000000000000000 -0.00000000000000000000 -0.00000000000000000000 -0.00000000000000000000 0.00000000000000000000 0.00000000000000000000 0.00000000000000000000 0.00000000000000000000 0.00000000000000000000 0.00000000000000000000 0.00000000000000000000 0.00000000000000000000 0.00000000000000000000 0.00000000000000000000 0.00000000000000000000 0.00000000000000000000 0.00000000000000000000 0.00000000000000000000 0.00000000000000000000 0.00000000000000000000 0.00000000000000000000 0.00000000000000000000 0.00000000000000000000 
-0.00000000001954692511 -0.00000000036595321265 -0.00000000563572168941 -0.00000007139213519489 -0.00000074392313174351 -0.00000637650366954582 -0.00004495872888092168 -0.00026074878466882730 -0.00124396287917729860 -0.00488168112799365880 -0.01575825971223804600 -0.04184311025959160100 -0.09139375535604728200 -0.16420483690469745000 -0.24267901736835257000 -0.29502265617444290000 -0.29502265617444290000 -0.24267901736835257000 -0.16420483690469745000 -0.09139375535604728200 -0.04184311025959160100 -0.01575825971223804600 -0.00488168112799365880 -0.00124396287917729860 -0.00026074878466882730 -0.00004495872888092168 -0.00000637650366954582 -0.00000074392313174351 -0.00000007139213519489 -0.00000000563572168941 -0.00000000036595321265 -0.00000000001954692511 -0.00000000000085883195 -0.00000000000003103951 -0.00000000000000092278 -0.00000000000000002257 -0.00000000000000000045 -0.00000000000000000001 -0.00000000000000000000 -0.00000000000000000000 -0.00000000000000000000 -0.00000000000000000000 -0.00000000000000000000 -0.00000000000000000000 0.00000000000000000000 0.00000000000000000000 0.00000000000000000000 0.00000000000000000000 0.00000000000000000000 0.00000000000000000000 0.00000000000000000000 0.00000000000000000000 0.00000000000000000000 0.00000000000000000000 0.00000000000000000000 0.00000000000000000000 0.00000000000000000000 0.00000000000000000000 0.00000000000000000000 0.00000000000000000000 0.00000000000000000000 0.00000000000000000000 0.00000000000000000000 0.00000000000000000000 
-0.00000000000894923444 -0.00000000016754558960 -0.00000000258022140707 -0.00000003268570126033 -0.00000034059282830580 -0.00000291937611137720 -0.00002058360598453094 -0.00011937949266279195 -0.00056952770689283952 -0.00223499648192638290 -0.00721465701972413570 -0.01915717183712915500 -0.04184311025959160100 -0.07517845249923726900 -0.11110655035318485000 -0.13507121447513631000 -0.13507121447513631000 -0.11110655035318485000 -0.07517845249923726900 -0.04184311025959160100 -0.01915717183712915500 -0.00721465701972413570 -0.00223499648192638290 -0.00056952770689283952 -0.00011937949266279195 -0.00002058360598453094 -0.00000291937611137720 -0.00000034059282830580 -0.00000003268570126033 -0.00000000258022140707 -0.00000000016754558960 -0.00000000000894923444 -0.00000000000039320192 -0.00000000000001421092 -0.00000000000000042248 -0.00000000000000001033 -0.00000000000000000021 -0.00000000000000000000 -0.00000000000000000000 -0.00000000000000000000 -0.00000000000000000000 -0.00000000000000000000 -0.00000000000000000000 0.00000000000000000000 0.00000000000000000000 0.00000000000000000000 0.00000000000000000000 0.00000000000000000000 0.00000000000000000000 0.00000000000000000000 0.00000000000000000000 0.00000000000000000000 0.00000000000000000000 0.00000000000000000000 0.00000000000000000000 0.00000000000000000000 0.00000000000000000000 0.00000000000000000000 0.00000000000000000000 0.00000000000000000000 0.00000000000000000000 0.00000000000000000000 0.00000000000000000000 0.00000000000000000000 
-0.00000000000337031257 -0.00000000006309824719 -0.00000000097172028550 -0.00000001230954788355 -0.00000012826843442734 -0.00000109944711746757 -0.00000775185704184748 -0.00004495872888092168 -0.00021448609969129822 -0.00084170738742015436 -0.00271706472932358580 -0.00721465701972413570 -0.01575825971223804600 -0.02831246463031678000 -0.04184311025959160100 -0.05086828546304575400 -0.05086828546304575400 -0.04184311025959160100 -0.02831246463031678000 -0.01575825971223804600 -0.00721465701972413570 -0.00271706472932358580 -0.00084170738742015436 -0.00021448609969129822 -0.00004495872888092168 -0.00000775185704184748 -0.00000109944711746757 -0.00000012826843442734 -0.00000001230954788355 -0.00000000097172028550 -0.00000000006309824719 -0.00000000000337031257 -0.00000000000014808120 -0.00000000000000535188 -0.00000000000000015911 -0.00000000000000000389 -0.00000000000000000008 -0.00000000000000000000 -0.00000000000000000000 -0.00000000000000000000 -0.00000000000000000000 -0.00000000000000000000 0.00000000000000000000 0.00000000000000000000 0.00000000000000000000 0.00000000000000000000 0.00000000000000000000 0.00000000000000000000 0.00000000000000000000 0.00000000000000000000 0.00000000000000000000 0.00000000000000000000 0.00000000000000000000 0.00000000000000000000 0.00000000000000000000 0.00000000000000000000 0.00000000000000000000 0.00000000000000000000 0.00000000000000000000 0.00000000000000000000 0.00000000000000000000 0.00000000000000000000 0.00000000000000000000 0.00000000000000000000 
-0.00000000000104407413 -0.00000000001954692511 -0.00000000030102490161 -0.00000000381332004260 -0.00000003973570731132 -0.00000034059282830580 -0.00000240141328542155 -0.00001392756448519075 -0.00006644469403349303 -0.00026074878466882730 -0.00084170738742015436 -0.00223499648192638290 -0.00488168112799365880 -0.00877079238422933190 -0.01296239086173785500 -0.01575825971223804600 -0.01575825971223804600 -0.01296239086173785500 -0.00877079238422933190 -0.00488168112799365880 -0.00223499648192638290 -0.00084170738742015436 -0.00026074878466882730 -0.00006644469403349303 -0.00001392756448519075 -0.00000240141328542155 -0.00000034059282830580 -0.00000003973570731132 -0.00000000381332004260 -0.00000000030102490161 -0.00000000001954692511 -0.00000000000104407413 -0.00000000000004587342 -0.00000000000000165794 -0.00000000000000004929 -0.00000000000000000121 -0.00000000000000000002 -0.00000000000000000000 -0.00000000000000000000 -0.00000000000000000000 -0.00000000000000000000 0.00000000000000000000 0.00000000000000000000 0.00000000000000000000 0.00000000000000000000 0.00000000000000000000 0.00000000000000000000 0.00000000000000000000 0.00000000000000000000 0.00000000000000000000 0.00000000000000000000 0.00000000000000000000 0.00000000000000000000 0.00000000000000000000 0.00000000000000000000 0.00000000000000000000 0.00000000000000000000 0.00000000000000000000 0.00000000000000000000 0.00000000000000000000 0.00000000000000000000 0.00000000000000000000 0.00000000000000000000 0.00000000000000000000 
-0.00000000000026605373 -0.00000000000498099909 -0.00000000007670796054 -0.00000000097172028550 -0.00000001012555789228 -0.00000008679076412772 -0.00000061193447632155 -0.00000354905876944199 -0.00001693161243613002 -0.00006644469403349303 -0.00021448609969129822 -0.00056952770689283952 -0.00124396287917729860 -0.00223499648192638290 -0.00330311067736947660 -0.00401556136267258720 -0.00401556136267258720 -0.00330311067736947660 -0.00223499648192638290 -0.00124396287917729860 -0.00056952770689283952 -0.00021448609969129822 -0.00006644469403349303 -0.00001693161243613002 -0.00000354905876944199 -0.00000061193447632155 -0.00000008679076412772 -0.00000001012555789228 -0.00000000097172028550 -0.00000000007670796054 -0.00000000000498099909 -0.00000000000026605373 -0.00000000000001168958 -0.00000000000000042248 -0.00000000000000001256 -0.00000000000000000031 -0.00000000000000000001 -0.00000000000000000000 -0.00000000000000000000 -0.00000000000000000000 0.00000000000000000000 0.00000000000000000000 0.00000000000000000000 0.00000000000000000000 0.00000000000000000000 0.00000000000000000000 0.00000000000000000000 0.00000000000000000000 0.00000000000000000000 0.00000000000000000000 0.00000000000000000000 0.00000000000000000000 0.00000000000000000000 0.00000000000000000000 0.00000000000000000000 0.00000000000000000000 0.00000000000000000000 0.00000000000000000000 0.00000000000000000000 0.00000000000000000000 0.00000000000000000000 0.00000000000000000000 0.00000000000000000000 0.00000000000000000000 
-0.00000000000005576789 -0.00000000000104407413 -0.00000000001607886201 -0.00000000020368363697 -0.00000000212243223548 -0.00000001819233246071 -0.00000012826843442734 -0.00000074392313174351 -0.00000354905876944199 -0.00001392756448519075 -0.00004495872888092168 -0.00011937949266279195 -0.00026074878466882730 -0.00046848071285441305 -0.00069236961099701901 -0.00084170738742015436 -0.00084170738742015436 -0.00069236961099701901 -0.00046848071285441305 -0.00026074878466882730 -0.00011937949266279195 -0.00004495872888092168 -0.00001392756448519075 -0.00000354905876944199 -0.00000074392313174351 -0.00000012826843442734 -0.00000001819233246071 -0.00000000212243223548 -0.00000000020368363697 -0.00000000001607886201 -0.00000000000104407413 -0.00000000000005576789 -0.00000000000000245027 -0.00000000000000008856 -0.00000000000000000263 -0.00000000000000000006 -0.00000000000000000000 -0.00000000000000000000 -0.00000000000000000000 0.00000000000000000000 0.00000000000000000000 0.00000000000000000000 0.00000000000000000000 0.00000000000000000000 0.00000000000000000000 0.00000000000000000000 0.00000000000000000000 0.00000000000000000000 0.00000000000000000000 0.00000000000000000000 0.00000000000000000000 0.00000000000000000000 0.00000000000000000000 0.00000000000000000000 0.00000000000000000000 0.00000000000000000000 0.00000000000000000000 0.00000000000000000000 0.00000000000000000000 0.00000000000000000000 0.00000000000000000000 0.00000000000000000000 0.00000000000000000000 0.00000000000000000000 
-0.00000000000000961559 -0.00000000000018002096 -0.00000000000277234350 -0.00000000003511946345 -0.00000000036595321265 -0.00000000313675150529 -0.00000002211625175827 -0.00000012826843442734 -0.00000061193447632155 -0.00000240141328542155 -0.00000775185704184748 -0.00002058360598453094 -0.00004495872888092168 -0.00008077620527326082 -0.00011937949266279195 -0.00014512855458235114 -0.00014512855458235114 -0.00011937949266279195 -0.00008077620527326082 -0.00004495872888092168 -0.00002058360598453094 -0.00000775185704184748 -0.00000240141328542155 -0.00000061193447632155 -0.00000012826843442734 -0.00000002211625175827 -0.00000000313675150529 -0.00000000036595321265 -0.00000000003511946345 -0.00000000000277234350 -0.00000000000018002096 -0.00000000000000961559 -0.00000000000000042248 -0.00000000000000001527 -0.00000000000000000045 -0.00000000000000000001 -0.00000000000000000000 -0.00000000000000000000 0.00000000000000000000 0.00000000000000000000 0.00000000000000000000 0.00000000000000000000 0.00000000000000000000 0.00000000000000000000 0.00000000000000000000 0.00000000000000000000 0.00000000000000000000 0.00000000000000000000 0.00000000000000000000 0.00000000000000000000 0.00000000000000000000 0.00000000000000000000 0.00000000000000000000 0.00000000000000000000 0.00000000000000000000 0.00000000000000000000 0.00000000000000000000 0.00000000000000000000 0.00000000000000000000 0.00000000000000000000 0.00000000000000000000 0.00000000000000000000 0.00000000000000000000 0.00000000000000000000 
