-0.00000000000000011126 -0.00000000000300539459 -0.00000000137039986791 -0.00000001054781677945 -0.00000000137039986791 -0.00000000000300539459 -0.00000000000000011126 -0.00000000000000000000 -0.00000000000000000000 -0.00000000000000000000 -0.00000000000000000000 -0.00000000000000000000 -0.00000000000000000000 -0.00000000000000000000 
-0.00000000000300539459 -0.00000008118538349144 -0.00003701891230047964 -0.00028493048887656935 -0.00003701891230047971 -0.00000008118538349144 -0.00000000000300539459 -0.00000000000000000188 -0.00000000000000000000 -0.00000000000000000000 -0.00000000000000000000 -0.00000000000000000000 -0.00000000000000000000 0.00000000000000000000 
-0.00000000137039986791 -0.00003701891230047964 -0.01687988414878988100 -0.12992260830505936000 -0.01687988414878994000 -0.00003701891230047991 -0.00000000137039986791 -0.00000000000000085633 -0.00000000000000000000 -0.00000000000000000000 -0.00000000000000000000 -0.00000000000000000000 0.00000000000000000000 0.00000000000000000000 
-0.00000001054781677945 -0.00028493048887656935 -0.12992260830505936000 -1.00000000000000000000 -0.12992260830505978000 -0.00028493048887657141 -0.00000001054781677945 -0.00000000000000659107 -0.00000000000000000000 -0.00000000000000000000 -0.00000000000000000000 0.00000000000000000000 0.00000000000000000000 0.00000000000000000000 
-0.00000000137039986791 -0.00003701891230047971 -0.01687988414878994000 -0.12992260830505978000 -0.01687988414878998500 -0.00003701891230047998 -0.00000000137039986791 -0.00000000000000085633 -0.00000000000000000000 -0.00000000000000000000 0.00000000000000000000 0.00000000000000000000 0.00000000000000000000 0.00000000000000000000 
-0.00000000000300539459 -0.00000008118538349144 -0.00003701891230047991 -0.00028493048887657141 -0.00003701891230047998 -0.00000008118538349144 -0.00000000000300539459 -0.00000000000000000188 -0.00000000000000000000 0.00000000000000000000 0.00000000000000000000 0.00000000000000000000 0.00000000000000000000 0.00000000000000000000 
-0.00000000000000011126 -0.00000000000300539459 -0.00000000137039986791 -0.00000001054781677945 -0.00000000137039986791 -0.00000000000300539459 -0.00000000000000011126 -0.00000000000000000000 0.00000000000000000188 0.00000000000000085633 0.00000000000000659107 0.00000000000000085633 0.00000000000000000188 0.00000000000000000000 
-0.00000000000000000000 -0.00000000000000000188 -0.00000000000000085633 -0.00000000000000659107 -0.00000000000000085633 -0.00000000000000000188 -0.00000000000000000000 0.00000000000000011126 0.00000000000300539459 0.00000000137039986791 0.00000001054781677945 0.00000000137039986791 0.00000000000300539459 0.00000000000000011126 
-0.00000000000000000000 -0.00000000000000000000 -0.00000000000000000000 -0.00000000000000000000 -0.00000000000000000000 -0.00000000000000000000 0.00000000000000000188 0.00000000000300539459 0.00000008118538349144 0.00003701891230047853 0.00028493048887656382 0.00003701891230047952 0.00000008118538349144 0.00000000000300539459 
-0.00000000000000000000 -0.00000000000000000000 -0.00000000000000000000 -0.00000000000000000000 -0.00000000000000000000 0.00000000000000000000 0.00000000000000085633 0.00000000137039986791 0.00003701891230047853 0.01687988414878955100 0.12992260830505808000 0.01687988414878998500 0.00003701891230048044 0.00000000137039986791 
-0.00000000000000000000 -0.00000000000000000000 -0.00000000000000000000 -0.00000000000000000000 0.00000000000000000000 0.00000000000000000000 0.00000000000000659107 0.00000001054781677945 0.00028493048887656382 0.12992260830505808000 1.00000000000000000000 0.12992260830506139000 0.00028493048887657846 0.00000001054781677946 
-0.00000000000000000000 -0.00000000000000000000 -0.00000000000000000000 0.00000000000000000000 0.00000000000000000000 0.00000000000000000000 0.00000000000000085633 0.00000000137039986791 0.00003701891230047952 0.01687988414878998500 0.12992260830506139000 0.01687988414879040500 0.00003701891230048136 0.00000000137039986791 
-0.00000000000000000000 -0.00000000000000000000 0.00000000000000000000 0.00000000000000000000 0.00000000000000000000 0.00000000000000000000 0.00000000000000000188 0.00000000000300539459 0.00000008118538349144 0.00003701891230048044 0.00028493048887657846 0.00003701891230048136 0.00000008118538349145 0.00000000000300539459 
-0.00000000000000000000 0.00000000000000000000 0.00000000000000000000 0.00000000000000000000 0.00000000000000000000 0.00000000000000000000 0.00000000000000000000 0.00000000000000011126 0.00000000000300539459 0.00000000137039986791 0.00000001054781677946 0.00000000137039986791 0.00000000000300539459 0.00000000000000011126 
