-0.00000000000000000000 -0.00000000000000000000 -0.00000000000000000002 -0.00000000000000000007 -0.00000000000000000029 -0.00000000000000000108 -0.00000000000000000384 -0.00000000000000001303 -0.00000000000000004206 -0.00000000000000012929 -0.00000000000000037852 -0.00000000000000105539 -0.00000000000000280240 -0.00000000000000708663 -0.00000000000001706648 -0.00000000000003914193 -0.00000000000008549384 -0.00000000000017783679 -0.00000000000035229186 -0.00000000000066462676 -0.00000000000119411800 -0.00000000000204320001 -0.00000000000332942115 -0.00000000000516678989 -0.00000000000763602046 -0.00000000001074750312 -0.00000000001440596288 -0.00000000001838955489 -0.00000000002235601326 -0.00000000002588282729 -0.00000000002853798365 -0.00000000002996602035 -0.00000000002996602035 -0.00000000002853798365 -0.00000000002588282729 -0.00000000002235601326 -0.00000000001838955489 -0.00000000001440596288 -0.00000000001074750312 -0.00000000000763602046 -0.00000000000516678989 -0.00000000000332942115 -0.00000000000204320001 -0.00000000000119411800 -0.00000000000066462676 -0.00000000000035229186 -0.00000000000017783679 -0.00000000000008549384 -0.00000000000003914193 -0.00000000000001706648 -0.00000000000000708663 -0.00000000000000280240 -0.00000000000000105539 -0.00000000000000037852 -0.00000000000000012929 -0.00000000000000004206 -0.00000000000000001303 -0.00000000000000000384 -0.00000000000000000108 -0.00000000000000000029 -0.00000000000000000007 -0.00000000000000000002 -0.00000000000000000000 -0.00000000000000000000 -0.00000000000000000000 -0.00000000000000000000 -0.00000000000000000000 -0.00000000000000000000 -0.00000000000000000000 -0.00000000000000000000 -0.00000000000000000000 -0.00000000000000000000 -0.00000000000000000000 -0.00000000000000000000 -0.00000000000000000000 -0.00000000000000000000 -0.00000000000000000000 -0.00000000000000000000 -0.00000000000000000000 -0.00000000000000000000 -0.00000000000000000000 -0.00000000000000000000 -0.00000000000000000000 -0.00000000000000000000 -0.00000000000000000000 -0.00000000000000000000 -0.00000000000000000000 -0.00000000000000000000 -0.00000000000000000000 -0.00000000000000000000 -0.00000000000000000000 -0.00000000000000000000 -0.00000000000000000000 -0.00000000000000000000 -0.00000000000000000000 -0.00000000000000000000 -0.00000000000000000000 -0.00000000000000000000 -0.00000000000000000000 -0.00000000000000000000 -0.00000000000000000000 -0.00000000000000000000 -0.00000000000000000000 -0.00000000000000000000 -0.00000000000000000000 -0.00000000000000000000 -0.00000000000000000000 -0.00000000000000000000 -0.00000000000000000000 -0.00000000000000000000 -0.00000000000000000000 -0.00000000000000000000 -0.00000000000000000000 -0.00000000000000000000 -0.00000000000000000000 -0.00000000000000000000 -0.00000000000000000000 -0.00000000000000000000 -0.00000000000000000000 -0.00000000000000000000 -0.00000000000000000000 -0.00000000000000000000 -0.00000000000000000000 -0.00000000000000000000 -0.00000000000000000000 -0.00000000000000000000 -0.00000000000000000000 0.00000000000000000000 
-0.00000000000000000000 -0.00000000000000000002 -0.00000000000000000008 -0.00000000000000000033 -0.00000000000000000131 -0.00000000000000000491 -0.00000000000000001746 -0.00000000000000005919 -0.00000000000000019108 -0.00000000000000058741 -0.00000000000000171978 -0.00000000000000479505 -0.00000000000001273237 -0.00000000000003219728 -0.00000000000007753955 -0.00000000000017783679 -0.00000000000038843127 -0.00000000000080798065 -0.00000000000160059684 -0.00000000000301965386 -0.00000000000542533533 -0.00000000000928304005 -0.00000000001512683524 -0.00000000002347470503 -0.00000000003469336505 -0.00000000004883002230 -0.00000000006545180594 -0.00000000008355078994 -0.00000000010157192921 -0.00000000011759559587 -0.00000000012965898800 -0.00000000013614710556 -0.00000000013614710556 -0.00000000012965898800 -0.00000000011759559587 -0.00000000010157192921 -0.00000000008355078994 -0.00000000006545180594 -0.00000000004883002230 -0.00000000003469336505 -0.00000000002347470503 -0.00000000001512683524 -0.00000000000928304005 -0.00000000000542533533 -0.00000000000301965386 -0.00000000000160059684 -0.00000000000080798065 -0.00000000000038843127 -0.00000000000017783679 -0.00000000000007753955 -0.00000000000003219728 -0.00000000000001273237 -0.00000000000000479505 -0.00000000000000171978 -0.00000000000000058741 -0.00000000000000019108 -0.00000000000000005919 -0.00000000000000001746 -0.00000000000000000491 -0.00000000000000000131 -0.00000000000000000033 -0.00000000000000000008 -0.00000000000000000002 -0.00000000000000000000 -0.00000000000000000000 -0.00000000000000000000 -0.00000000000000000000 -0.00000000000000000000 -0.00000000000000000000 -0.00000000000000000000 -0.00000000000000000000 -0.00000000000000000000 -0.00000000000000000000 -0.00000000000000000000 -0.00000000000000000000 -0.00000000000000000000 -0.00000000000000000000 -0.00000000000000000000 -0.00000000000000000000 -0.00000000000000000000 -0.00000000000000000000 -0.00000000000000000000 -0.00000000000000000000 -0.00000000000000000000 -0.00000000000000000000 -0.00000000000000000000 -0.00000000000000000000 -0.00000000000000000000 -0.00000000000000000000 -0.00000000000000000000 -0.00000000000000000000 -0.00000000000000000000 -0.00000000000000000000 -0.00000000000000000000 -0.00000000000000000000 -0.00000000000000000000 -0.00000000000000000000 -0.00000000000000000000 -0.00000000000000000000 -0.00000000000000000000 -0.00000000000000000000 -0.00000000000000000000 -0.00000000000000000000 -0.00000000000000000000 -0.00000000000000000000 -0.00000000000000000000 -0.00000000000000000000 -0.00000000000000000000 -0.00000000000000000000 -0.00000000000000000000 -0.00000000000000000000 -0.00000000000000000000 -0.00000000000000000000 -0.00000000000000000000 -0.00000000000000000000 -0.00000000000000000000 -0.00000000000000000000 -0.00000000000000000000 -0.00000000000000000000 -0.00000000000000000000 -0.00000000000000000000 -0.00000000000000000000 -0.00000000000000000000 -0.00000000000000000000 -0.00000000000000000000 -0.00000000000000000000 0.00000000000000000000 0.00000000000000000000 
-0.00000000000000000002 -0.00000000000000000008 -0.00000000000000000035 -0.00000000000000000145 -0.00000000000000000568 -0.00000000000000002123 -0.00000000000000007556 -0.00000000000000025612 -0.00000000000000082677 -0.00000000000000254166 -0.00000000000000744124 -0.00000000000002074756 -0.00000000000005509127 -0.00000000000013931334 -0.00000000000033550332 -0.00000000000076947617 -0.00000000000168069048 -0.00000000000349602492 -0.00000000000692556983 -0.00000000001306564099 -0.00000000002347470503 -0.00000000004016648071 -0.00000000006545180594 -0.00000000010157192921 -0.00000000015011358032 -0.00000000021128101767 -0.00000000028320126672 -0.00000000036151316538 -0.00000000043948824026 -0.00000000050882051658 -0.00000000056101721127 -0.00000000058909043377 -0.00000000058909043377 -0.00000000056101721127 -0.00000000050882051658 -0.00000000043948824026 -0.00000000036151316538 -0.00000000028320126672 -0.00000000021128101767 -0.00000000015011358032 -0.00000000010157192921 -0.00000000006545180594 -0.00000000004016648071 -0.00000000002347470503 -0.00000000001306564099 -0.00000000000692556983 -0.00000000000349602492 -0.00000000000168069048 -0.00000000000076947617 -0.00000000000033550332 -0.00000000000013931334 -0.00000000000005509127 -0.00000000000002074756 -0.00000000000000744124 -0.00000000000000254166 -0.00000000000000082677 -0.00000000000000025612 -0.00000000000000007556 -0.00000000000000002123 -0.00000000000000000568 -0.00000000000000000145 -0.00000000000000000035 -0.00000000000000000008 -0.00000000000000000002 -0.00000000000000000000 -0.00000000000000000000 -0.00000000000000000000 -0.00000000000000000000 -0.00000000000000000000 -0.00000000000000000000 -0.00000000000000000000 -0.00000000000000000000 -0.00000000000000000000 -0.00000000000000000000 -0.00000000000000000000 -0.00000000000000000000 -0.00000000000000000000 -0.00000000000000000000 -0.00000000000000000000 -0.00000000000000000000 -0.00000000000000000000 -0.00000000000000000000 -0.00000000000000000000 -0.00000000000000000000 -0.00000000000000000000 -0.00000000000000000000 -0.00000000000000000000 -0.00000000000000000000 -0.00000000000000000000 -0.00000000000000000000 -0.00000000000000000000 -0.00000000000000000000 -0.00000000000000000000 -0.00000000000000000000 -0.00000000000000000000 -0.00000000000000000000 -0.00000000000000000000 -0.00000000000000000000 -0.00000000000000000000 -0.00000000000000000000 -0.00000000000000000000 -0.00000000000000000000 -0.00000000000000000000 -0.00000000000000000000 -0.00000000000000000000 -0.00000000000000000000 -0.00000000000000000000 -0.00000000000000000000 -0.00000000000000000000 -0.00000000000000000000 -0.00000000000000000000 -0.00000000000000000000 -0.00000000000000000000 -0.00000000000000000000 -0.00000000000000000000 -0.00000000000000000000 -0.00000000000000000000 -0.00000000000000000000 -0.00000000000000000000 -0.00000000000000000000 -0.00000000000000000000 -0.00000000000000000000 -0.00000000000000000000 -0.00000000000000000000 -0.00000000000000000000 0.00000000000000000000 0.00000000000000000000 0.00000000000000000000 
-0.00000000000000000007 -0.00000000000000000033 -0.00000000000000000145 -0.00000000000000000596 -0.00000000000000002341 -0.00000000000000008748 -0.00000000000000031136 -0.00000000000000105539 -0.00000000000000340685 -0.00000000000001047336 -0.00000000000003066291 -0.00000000000008549384 -0.00000000000022701290 -0.00000000000057406420 -0.00000000000138249828 -0.00000000000317075692 -0.00000000000692556983 -0.00000000001440596288 -0.00000000002853798365 -0.00000000005383918699 -0.00000000009673149860 -0.00000000016551278783 -0.00000000026970525368 -0.00000000041854434023 -0.00000000061856843639 -0.00000000087061922355 -0.00000000116697879276 -0.00000000148967623693 -0.00000000181098574168 -0.00000000209668113089 -0.00000000231176645329 -0.00000000242744692211 -0.00000000242744692211 -0.00000000231176645329 -0.00000000209668113089 -0.00000000181098574168 -0.00000000148967623693 -0.00000000116697879276 -0.00000000087061922355 -0.00000000061856843639 -0.00000000041854434023 -0.00000000026970525368 -0.00000000016551278783 -0.00000000009673149860 -0.00000000005383918699 -0.00000000002853798365 -0.00000000001440596288 -0.00000000000692556983 -0.00000000000317075692 -0.00000000000138249828 -0.00000000000057406420 -0.00000000000022701290 -0.00000000000008549384 -0.00000000000003066291 -0.00000000000001047336 -0.00000000000000340685 -0.00000000000000105539 -0.00000000000000031136 -0.00000000000000008748 -0.00000000000000002341 -0.00000000000000000596 -0.00000000000000000145 -0.00000000000000000033 -0.00000000000000000007 -0.00000000000000000002 -0.00000000000000000000 -0.00000000000000000000 -0.00000000000000000000 -0.00000000000000000000 -0.00000000000000000000 -0.00000000000000000000 -0.00000000000000000000 -0.00000000000000000000 -0.00000000000000000000 -0.00000000000000000000 -0.00000000000000000000 -0.00000000000000000000 -0.00000000000000000000 -0.00000000000000000000 -0.00000000000000000000 -0.00000000000000000000 -0.00000000000000000000 -0.00000000000000000000 -0.00000000000000000000 -0.00000000000000000000 -0.00000000000000000000 -0.00000000000000000000 -0.00000000000000000000 -0.00000000000000000000 -0.00000000000000000000 -0.00000000000000000000 -0.00000000000000000000 -0.00000000000000000000 -0.00000000000000000000 -0.00000000000000000000 -0.00000000000000000000 -0.00000000000000000000 -0.00000000000000000000 -0.00000000000000000000 -0.00000000000000000000 -0.00000000000000000000 -0.00000000000000000000 -0.00000000000000000000 -0.00000000000000000000 -0.00000000000000000000 -0.00000000000000000000 -0.00000000000000000000 -0.00000000000000000000 -0.00000000000000000000 -0.00000000000000000000 -0.00000000000000000000 -0.00000000000000000000 -0.00000000000000000000 -0.00000000000000000000 -0.00000000000000000000 -0.00000000000000000000 -0.00000000000000000000 -0.00000000000000000000 -0.00000000000000000000 -0.00000000000000000000 -0.00000000000000000000 -0.00000000000000000000 -0.00000000000000000000 -0.00000000000000000000 0.00000000000000000000 0.00000000000000000000 0.00000000000000000000 0.00000000000000000000 
-0.00000000000000000029 -0.00000000000000000131 -0.00000000000000000568 -0.00000000000000002341 -0.00000000000000009186 -0.00000000000000034331 -0.00000000000000122189 -0.00000000000000414168 -0.00000000000001336949 -0.00000000000004110059 -0.00000000000012033039 -0.00000000000033550332 -0.00000000000089086630 -0.00000000000225279904 -0.00000000000542533533 -0.00000000001244299526 -0.00000000002717800033 -0.00000000005653329235 -0.00000000011199155422 -0.00000000021128101767 -0.00000000037960323342 -0.00000000064952151411 -0.00000000105840380694 -0.00000000164249274726 -0.00000000242744692211 -0.00000000341656934013 -0.00000000457957262611 -0.00000000584593358401 -0.00000000710684785392 -0.00000000822800171888 -0.00000000907206063483 -0.00000000952602527554 -0.00000000952602527554 -0.00000000907206063483 -0.00000000822800171888 -0.00000000710684785392 -0.00000000584593358401 -0.00000000457957262611 -0.00000000341656934013 -0.00000000242744692211 -0.00000000164249274726 -0.00000000105840380694 -0.00000000064952151411 -0.00000000037960323342 -0.00000000021128101767 -0.00000000011199155422 -0.00000000005653329235 -0.00000000002717800033 -0.00000000001244299526 -0.00000000000542533533 -0.00000000000225279904 -0.00000000000089086630 -0.00000000000033550332 -0.00000000000012033039 -0.00000000000004110059 -0.00000000000001336949 -0.00000000000000414168 -0.00000000000000122189 -0.00000000000000034331 -0.00000000000000009186 -0.00000000000000002341 -0.00000000000000000568 -0.00000000000000000131 -0.00000000000000000029 -0.00000000000000000006 -0.00000000000000000001 -0.00000000000000000000 -0.00000000000000000000 -0.00000000000000000000 -0.00000000000000000000 -0.00000000000000000000 -0.00000000000000000000 -0.00000000000000000000 -0.00000000000000000000 -0.00000000000000000000 -0.00000000000000000000 -0.00000000000000000000 -0.00000000000000000000 -0.00000000000000000000 -0.00000000000000000000 -0.00000000000000000000 -0.00000000000000000000 -0.00000000000000000000 -0.00000000000000000000 -0.00000000000000000000 -0.00000000000000000000 -0.00000000000000000000 -0.00000000000000000000 -0.00000000000000000000 -0.00000000000000000000 -0.00000000000000000000 -0.00000000000000000000 -0.00000000000000000000 -0.00000000000000000000 -0.00000000000000000000 -0.00000000000000000000 -0.00000000000000000000 -0.00000000000000000000 -0.00000000000000000000 -0.00000000000000000000 -0.00000000000000000000 -0.00000000000000000000 -0.00000000000000000000 -0.00000000000000000000 -0.00000000000000000000 -0.00000000000000000000 -0.00000000000000000000 -0.00000000000000000000 -0.00000000000000000000 -0.00000000000000000000 -0.00000000000000000000 -0.00000000000000000000 -0.00000000000000000000 -0.00000000000000000000 -0.00000000000000000000 -0.00000000000000000000 -0.00000000000000000000 -0.00000000000000000000 -0.00000000000000000000 -0.00000000000000000000 -0.00000000000000000000 -0.00000000000000000000 -0.00000000000000000000 0.00000000000000000000 0.00000000000000000000 0.00000000000000000000 0.00000000000000000000 0.00000000000000000000 
-0.00000000000000000108 -0.00000000000000000491 -0.00000000000000002123 -0.00000000000000008748 -0.00000000000000034331 -0.00000000000000128303 -0.00000000000000456654 -0.00000000000001547862 -0.00000000000004996561 -0.00000000000015360461 -0.00000000000044970896 -0.00000000000125387149 -0.00000000000332942115 -0.00000000000841935174 -0.00000000002027602360 -0.00000000004650301781 -0.00000000010157192921 -0.00000000021128101767 -0.00000000041854434023 -0.00000000078961734893 -0.00000000141868541777 -0.00000000242744692211 -0.00000000395555652536 -0.00000000613846327996 -0.00000000907206063483 -0.00000001276869287418 -0.00000001711516744909 -0.00000002184791908663 -0.00000002656031489957 -0.00000003075038626683 -0.00000003390487487588 -0.00000003560147005540 -0.00000003560147005540 -0.00000003390487487588 -0.00000003075038626683 -0.00000002656031489957 -0.00000002184791908663 -0.00000001711516744909 -0.00000001276869287418 -0.00000000907206063483 -0.00000000613846327996 -0.00000000395555652536 -0.00000000242744692211 -0.00000000141868541777 -0.00000000078961734893 -0.00000000041854434023 -0.00000000021128101767 -0.00000000010157192921 -0.00000000004650301781 -0.00000000002027602360 -0.00000000000841935174 -0.00000000000332942115 -0.00000000000125387149 -0.00000000000044970896 -0.00000000000015360461 -0.00000000000004996561 -0.00000000000001547862 -0.00000000000000456654 -0.00000000000000128303 -0.00000000000000034331 -0.00000000000000008748 -0.00000000000000002123 -0.00000000000000000491 -0.00000000000000000108 -0.00000000000000000023 -0.00000000000000000005 -0.00000000000000000001 -0.00000000000000000000 -0.00000000000000000000 -0.00000000000000000000 -0.00000000000000000000 -0.00000000000000000000 -0.00000000000000000000 -0.00000000000000000000 -0.00000000000000000000 -0.00000000000000000000 -0.00000000000000000000 -0.00000000000000000000 -0.00000000000000000000 -0.00000000000000000000 -0.00000000000000000000 -0.00000000000000000000 -0.00000000000000000000 -0.00000000000000000000 -0.00000000000000000000 -0.00000000000000000000 -0.00000000000000000000 -0.00000000000000000000 -0.00000000000000000000 -0.00000000000000000000 -0.00000000000000000000 -0.00000000000000000000 -0.00000000000000000000 -0.00000000000000000000 -0.00000000000000000000 -0.00000000000000000000 -0.00000000000000000000 -0.00000000000000000000 -0.00000000000000000000 -0.00000000000000000000 -0.00000000000000000000 -0.00000000000000000000 -0.00000000000000000000 -0.00000000000000000000 -0.00000000000000000000 -0.00000000000000000000 -0.00000000000000000000 -0.00000000000000000000 -0.00000000000000000000 -0.00000000000000000000 -0.00000000000000000000 -0.00000000000000000000 -0.00000000000000000000 -0.00000000000000000000 -0.00000000000000000000 -0.00000000000000000000 -0.00000000000000000000 -0.00000000000000000000 -0.00000000000000000000 -0.00000000000000000000 -0.00000000000000000000 -0.00000000000000000000 0.00000000000000000000 0.00000000000000000000 0.00000000000000000000 0.00000000000000000000 0.00000000000000000000 0.00000000000000000000 
-0.00000000000000000384 -0.00000000000000001746 -0.00000000000000007556 -0.00000000000000031136 -0.00000000000000122189 -0.00000000000000456654 -0.00000000000001625317 -0.00000000000005509127 -0.00000000000017783679 -0.00000000000054670706 -0.00000000000160059684 -0.00000000000446275911 -0.00000000001185002183 -0.00000000002996602035 -0.00000000007216609481 -0.00000000016551278783 -0.00000000036151316538 -0.00000000075198797616 -0.00000000148967623693 -0.00000000281039327957 -0.00000000504936216170 -0.00000000863972976991 -0.00000001407855272032 -0.00000002184791908663 -0.00000003228913127914 -0.00000004544612487427 -0.00000006091602678520 -0.00000007776075976123 -0.00000009453304261604 -0.00000010944627676341 -0.00000012067368153024 -0.00000012671217561488 -0.00000012671217561488 -0.00000012067368153024 -0.00000010944627676341 -0.00000009453304261604 -0.00000007776075976123 -0.00000006091602678520 -0.00000004544612487427 -0.00000003228913127914 -0.00000002184791908663 -0.00000001407855272032 -0.00000000863972976991 -0.00000000504936216170 -0.00000000281039327957 -0.00000000148967623693 -0.00000000075198797616 -0.00000000036151316538 -0.00000000016551278783 -0.00000000007216609481 -0.00000000002996602035 -0.00000000001185002183 -0.00000000000446275911 -0.00000000000160059684 -0.00000000000054670706 -0.00000000000017783679 -0.00000000000005509127 -0.00000000000001625317 -0.00000000000000456654 -0.00000000000000122189 -0.00000000000000031136 -0.00000000000000007556 -0.00000000000000001746 -0.00000000000000000384 -0.00000000000000000081 -0.00000000000000000016 -0.00000000000000000003 -0.00000000000000000001 -0.00000000000000000000 -0.00000000000000000000 -0.00000000000000000000 -0.00000000000000000000 -0.00000000000000000000 -0.00000000000000000000 -0.00000000000000000000 -0.00000000000000000000 -0.00000000000000000000 -0.00000000000000000000 -0.00000000000000000000 -0.00000000000000000000 -0.00000000000000000000 -0.00000000000000000000 -0.00000000000000000000 -0.00000000000000000000 -0.00000000000000000000 -0.00000000000000000000 -0.00000000000000000000 -0.00000000000000000000 -0.00000000000000000000 -0.00000000000000000000 -0.00000000000000000000 -0.00000000000000000000 -0.00000000000000000000 -0.00000000000000000000 -0.00000000000000000000 -0.00000000000000000000 -0.00000000000000000000 -0.00000000000000000000 -0.00000000000000000000 -0.00000000000000000000 -0.00000000000000000000 -0.00000000000000000000 -0.00000000000000000000 -0.00000000000000000000 -0.00000000000000000000 -0.00000000000000000000 -0.00000000000000000000 -0.00000000000000000000 -0.00000000000000000000 -0.00000000000000000000 -0.00000000000000000000 -0.00000000000000000000 -0.00000000000000000000 -0.00000000000000000000 -0.00000000000000000000 -0.00000000000000000000 -0.00000000000000000000 -0.00000000000000000000 -0.00000000000000000000 -0.00000000000000000000 -0.00000000000000000000 0.00000000000000000000 0.00000000000000000000 0.00000000000000000000 0.00000000000000000000 0.00000000000000000000 0.00000000000000000000 0.00000000000000000000 
-0.00000000000000001303 -0.00000000000000005919 -0.00000000000000025612 -0.00000000000000105539 -0.00000000000000414168 -0.00000000000001547862 -0.00000000000005509127 -0.00000000000018673572 -0.00000000000060279029 -0.00000000000185310194 -0.00000000000542533533 -0.00000000001512683524 -0.00000000004016648071 -0.00000000010157192921 -0.00000000024461204353 -0.00000000056101721127 -0.00000000122537424774 -0.00000000254891602535 -0.00000000504936216170 -0.00000000952602527554 -0.00000001711516744909 -0.00000002928497045598 -0.00000004772024258365 -0.00000007405505519451 -0.00000010944627676341 -0.00000015404283001032 -0.00000020647914833082 -0.00000026357555304245 -0.00000032042638298309 -0.00000037097583684792 -0.00000040903191332832 -0.00000042949981285491 -0.00000042949981285491 -0.00000040903191332832 -0.00000037097583684792 -0.00000032042638298309 -0.00000026357555304245 -0.00000020647914833082 -0.00000015404283001032 -0.00000010944627676341 -0.00000007405505519451 -0.00000004772024258365 -0.00000002928497045598 -0.00000001711516744909 -0.00000000952602527554 -0.00000000504936216170 -0.00000000254891602535 -0.00000000122537424774 -0.00000000056101721127 -0.00000000024461204353 -0.00000000010157192921 -0.00000000004016648071 -0.00000000001512683524 -0.00000000000542533533 -0.00000000000185310194 -0.00000000000060279029 -0.00000000000018673572 -0.00000000000005509127 -0.00000000000001547862 -0.00000000000000414168 -0.00000000000000105539 -0.00000000000000025612 -0.00000000000000005919 -0.00000000000000001303 -0.00000000000000000273 -0.00000000000000000055 -0.00000000000000000010 -0.00000000000000000002 -0.00000000000000000000 -0.00000000000000000000 -0.00000000000000000000 -0.00000000000000000000 -0.00000000000000000000 -0.00000000000000000000 -0.00000000000000000000 -0.00000000000000000000 -0.00000000000000000000 -0.00000000000000000000 -0.00000000000000000000 -0.00000000000000000000 -0.00000000000000000000 -0.00000000000000000000 -0.00000000000000000000 -0.00000000000000000000 -0.00000000000000000000 -0.00000000000000000000 -0.00000000000000000000 -0.00000000000000000000 -0.00000000000000000000 -0.00000000000000000000 -0.00000000000000000000 -0.00000000000000000000 -0.00000000000000000000 -0.00000000000000000000 -0.00000000000000000000 -0.00000000000000000000 -0.00000000000000000000 -0.00000000000000000000 -0.00000000000000000000 -0.00000000000000000000 -0.00000000000000000000 -0.00000000000000000000 -0.00000000000000000000 -0.00000000000000000000 -0.00000000000000000000 -0.00000000000000000000 -0.00000000000000000000 -0.00000000000000000000 -0.00000000000000000000 -0.00000000000000000000 -0.00000000000000000000 -0.00000000000000000000 -0.00000000000000000000 -0.00000000000000000000 -0.00000000000000000000 -0.00000000000000000000 -0.00000000000000000000 -0.00000000000000000000 -0.00000000000000000000 -0.00000000000000000000 0.00000000000000000000 0.00000000000000000000 0.00000000000000000000 0.00000000000000000000 0.00000000000000000000 0.00000000000000000000 0.00000000000000000000 0.00000000000000000000 
-0.00000000000000004206 -0.00000000000000019108 -0.00000000000000082677 -0.00000000000000340685 -0.00000000000001336949 -0.00000000000004996561 -0.00000000000017783679 -0.00000000000060279029 -0.00000000000194583090 -0.00000000000598188634 -0.00000000001751319698 -0.00000000004883002230 -0.00000000012965898800 -0.00000000032787820384 -0.00000000078961734893 -0.00000000181098574168 -0.00000000395555652536 -0.00000000822800171888 -0.00000001629954071947 -0.00000003075038626683 -0.00000005524843729235 -0.00000009453304261604 -0.00000015404283001032 -0.00000023905264644739 -0.00000035329690910887 -0.00000049725634642352 -0.00000066652285539512 -0.00000085083230750607 -0.00000103434903454577 -0.00000119752467044420 -0.00000132037119013353 -0.00000138644237914552 -0.00000138644237914552 -0.00000132037119013353 -0.00000119752467044420 -0.00000103434903454577 -0.00000085083230750607 -0.00000066652285539512 -0.00000049725634642352 -0.00000035329690910887 -0.00000023905264644739 -0.00000015404283001032 -0.00000009453304261604 -0.00000005524843729235 -0.00000003075038626683 -0.00000001629954071947 -0.00000000822800171888 -0.00000000395555652536 -0.00000000181098574168 -0.00000000078961734893 -0.00000000032787820384 -0.00000000012965898800 -0.00000000004883002230 -0.00000000001751319698 -0.00000000000598188634 -0.00000000000194583090 -0.00000000000060279029 -0.00000000000017783679 -0.00000000000004996561 -0.00000000000001336949 -0.00000000000000340685 -0.00000000000000082677 -0.00000000000000019108 -0.00000000000000004206 -0.00000000000000000882 -0.00000000000000000176 -0.00000000000000000033 -0.00000000000000000006 -0.00000000000000000001 -0.00000000000000000000 -0.00000000000000000000 -0.00000000000000000000 -0.00000000000000000000 -0.00000000000000000000 -0.00000000000000000000 -0.00000000000000000000 -0.00000000000000000000 -0.00000000000000000000 -0.00000000000000000000 -0.00000000000000000000 -0.00000000000000000000 -0.00000000000000000000 -0.00000000000000000000 -0.00000000000000000000 -0.00000000000000000000 -0.00000000000000000000 -0.00000000000000000000 -0.00000000000000000000 -0.00000000000000000000 -0.00000000000000000000 -0.00000000000000000000 -0.00000000000000000000 -0.00000000000000000000 -0.00000000000000000000 -0.00000000000000000000 -0.00000000000000000000 -0.00000000000000000000 -0.00000000000000000000 -0.00000000000000000000 -0.00000000000000000000 -0.00000000000000000000 -0.00000000000000000000 -0.00000000000000000000 -0.00000000000000000000 -0.00000000000000000000 -0.00000000000000000000 -0.00000000000000000000 -0.00000000000000000000 -0.00000000000000000000 -0.00000000000000000000 -0.00000000000000000000 -0.00000000000000000000 -0.00000000000000000000 -0.00000000000000000000 -0.00000000000000000000 -0.00000000000000000000 -0.00000000000000000000 -0.00000000000000000000 -0.00000000000000000000 0.00000000000000000000 0.00000000000000000000 0.00000000000000000000 0.00000000000000000000 0.00000000000000000000 0.00000000000000000000 0.00000000000000000000 0.00000000000000000000 0.00000000000000000000 
-0.00000000000000012929 -0.00000000000000058741 -0.00000000000000254166 -0.00000000000001047336 -0.00000000000004110059 -0.00000000000015360461 -0.00000000000054670706 -0.00000000000185310194 -0.00000000000598188634 -0.00000000001838955489 -0.00000000005383918699 -0.00000000015011358032 -0.00000000039859852594 -0.00000000100796536173 -0.00000000242744692211 -0.00000000556734444927 -0.00000001216019826018 -0.00000002529457777818 -0.00000005010815682398 -0.00000009453304261604 -0.00000016984511452012 -0.00000029061411029776 -0.00000047355949573131 -0.00000073489724057443 -0.00000108610771504146 -0.00000152866877767527 -0.00000204902900883579 -0.00000261563435615594 -0.00000317980270277329 -0.00000368143833129636 -0.00000405909392170927 -0.00000426221041177108 -0.00000426221041177108 -0.00000405909392170927 -0.00000368143833129636 -0.00000317980270277329 -0.00000261563435615594 -0.00000204902900883579 -0.00000152866877767527 -0.00000108610771504146 -0.00000073489724057443 -0.00000047355949573131 -0.00000029061411029776 -0.00000016984511452012 -0.00000009453304261604 -0.00000005010815682398 -0.00000002529457777818 -0.00000001216019826018 -0.00000000556734444927 -0.00000000242744692211 -0.00000000100796536173 -0.00000000039859852594 -0.00000000015011358032 -0.00000000005383918699 -0.00000000001838955489 -0.00000000000598188634 -0.00000000000185310194 -0.00000000000054670706 -0.00000000000015360461 -0.00000000000004110059 -0.00000000000001047336 -0.00000000000000254166 -0.00000000000000058741 -0.00000000000000012929 -0.00000000000000002710 -0.00000000000000000541 -0.00000000000000000103 -0.00000000000000000019 -0.00000000000000000003 -0.00000000000000000001 -0.00000000000000000000 -0.00000000000000000000 -0.00000000000000000000 -0.00000000000000000000 -0.00000000000000000000 -0.00000000000000000000 -0.00000000000000000000 -0.00000000000000000000 -0.00000000000000000000 -0.00000000000000000000 -0.00000000000000000000 -0.00000000000000000000 -0.00000000000000000000 -0.00000000000000000000 -0.00000000000000000000 -0.00000000000000000000 -0.00000000000000000000 -0.00000000000000000000 -0.00000000000000000000 -0.00000000000000000000 -0.00000000000000000000 -0.00000000000000000000 -0.00000000000000000000 -0.00000000000000000000 -0.00000000000000000000 -0.00000000000000000000 -0.00000000000000000000 -0.00000000000000000000 -0.00000000000000000000 -0.00000000000000000000 -0.00000000000000000000 -0.00000000000000000000 -0.00000000000000000000 -0.00000000000000000000 -0.00000000000000000000 -0.00000000000000000000 -0.00000000000000000000 -0.00000000000000000000 -0.00000000000000000000 -0.00000000000000000000 -0.00000000000000000000 -0.00000000000000000000 -0.00000000000000000000 -0.00000000000000000000 -0.00000000000000000000 -0.00000000000000000000 -0.00000000000000000000 -0.00000000000000000000 0.00000000000000000000 0.00000000000000000000 0.00000000000000000000 0.00000000000000000000 0.00000000000000000000 0.00000000000000000000 0.00000000000000000000 0.00000000000000000000 0.00000000000000000000 0.00000000000000000000 
-0.00000000000000037852 -0.00000000000000171978 -0.00000000000000744124 -0.00000000000003066291 -0.00000000000012033039 -0.00000000000044970896 -0.00000000000160059684 -0.00000000000542533533 -0.00000000001751319698 -0.00000000005383918699 -0.00000000015762524280 -0.00000000043948824026 -0.00000000116697879276 -0.00000000295102496479 -0.00000000710684785392 -0.00000001629954071947 -0.00000003560147005540 -0.00000007405505519451 -0.00000014670188812147 -0.00000027676483671824 -0.00000049725634642352 -0.00000085083230750607 -0.00000138644237914552 -0.00000215156213281295 -0.00000317980270277329 -0.00000447549082248385 -0.00000599895193646442 -0.00000765780509611224 -0.00000930952343725717 -0.00001077816444338809 -0.00001188382850458718 -0.00001247849361480760 -0.00001247849361480760 -0.00001188382850458718 -0.00001077816444338809 -0.00000930952343725717 -0.00000765780509611224 -0.00000599895193646442 -0.00000447549082248385 -0.00000317980270277329 -0.00000215156213281295 -0.00000138644237914552 -0.00000085083230750607 -0.00000049725634642352 -0.00000027676483671824 -0.00000014670188812147 -0.00000007405505519451 -0.00000003560147005540 -0.00000001629954071947 -0.00000000710684785392 -0.00000000295102496479 -0.00000000116697879276 -0.00000000043948824026 -0.00000000015762524280 -0.00000000005383918699 -0.00000000001751319698 -0.00000000000542533533 -0.00000000000160059684 -0.00000000000044970896 -0.00000000000012033039 -0.00000000000003066291 -0.00000000000000744124 -0.00000000000000171978 -0.00000000000000037852 -0.00000000000000007934 -0.00000000000000001584 -0.00000000000000000301 -0.00000000000000000055 -0.00000000000000000009 -0.00000000000000000002 -0.00000000000000000000 -0.00000000000000000000 -0.00000000000000000000 -0.00000000000000000000 -0.00000000000000000000 -0.00000000000000000000 -0.00000000000000000000 -0.00000000000000000000 -0.00000000000000000000 -0.00000000000000000000 -0.00000000000000000000 -0.00000000000000000000 -0.00000000000000000000 -0.00000000000000000000 -0.00000000000000000000 -0.00000000000000000000 -0.00000000000000000000 -0.00000000000000000000 -0.00000000000000000000 -0.00000000000000000000 -0.00000000000000000000 -0.00000000000000000000 -0.00000000000000000000 -0.00000000000000000000 -0.00000000000000000000 -0.00000000000000000000 -0.00000000000000000000 -0.00000000000000000000 -0.00000000000000000000 -0.00000000000000000000 -0.00000000000000000000 -0.00000000000000000000 -0.00000000000000000000 -0.00000000000000000000 -0.00000000000000000000 -0.00000000000000000000 -0.00000000000000000000 -0.00000000000000000000 -0.00000000000000000000 -0.00000000000000000000 -0.00000000000000000000 -0.00000000000000000000 -0.00000000000000000000 -0.00000000000000000000 -0.00000000000000000000 -0.00000000000000000000 -0.00000000000000000000 0.00000000000000000000 0.00000000000000000000 0.00000000000000000000 0.00000000000000000000 0.00000000000000000000 0.00000000000000000000 0.00000000000000000000 0.00000000000000000000 0.00000000000000000000 0.00000000000000000000 0.00000000000000000000 
-0.00000000000000105539 -0.00000000000000479505 -0.00000000000002074756 -0.00000000000008549384 -0.00000000000033550332 -0.00000000000125387149 -0.00000000000446275911 -0.00000000001512683524 -0.00000000004883002230 -0.00000000015011358032 -0.00000000043948824026 -0.00000000122537424774 -0.00000000325375204456 -0.00000000822800171888 -0.00000001981520219436 -0.00000004544612487427 -0.00000009926346279881 -0.00000020647914833082 -0.00000040903191332832 -0.00000077167139533425 -0.00000138644237914552 -0.00000237227735182666 -0.00000386565698862594 -0.00000599895193646442 -0.00000886587623497413 -0.00001247849361480760 -0.00001672618409999633 -0.00002135137257241520 -0.00002595666785531307 -0.00003005150977195414 -0.00003313430503956635 -0.00003479234101263891 -0.00003479234101263891 -0.00003313430503956635 -0.00003005150977195414 -0.00002595666785531307 -0.00002135137257241520 -0.00001672618409999633 -0.00001247849361480760 -0.00000886587623497413 -0.00000599895193646442 -0.00000386565698862594 -0.00000237227735182666 -0.00000138644237914552 -0.00000077167139533425 -0.00000040903191332832 -0.00000020647914833082 -0.00000009926346279881 -0.00000004544612487427 -0.00000001981520219436 -0.00000000822800171888 -0.00000000325375204456 -0.00000000122537424774 -0.00000000043948824026 -0.00000000015011358032 -0.00000000004883002230 -0.00000000001512683524 -0.00000000000446275911 -0.00000000000125387149 -0.00000000000033550332 -0.00000000000008549384 -0.00000000000002074756 -0.00000000000000479505 -0.00000000000000105539 -0.00000000000000022122 -0.00000000000000004416 -0.00000000000000000840 -0.00000000000000000152 -0.00000000000000000026 -0.00000000000000000004 -0.00000000000000000001 -0.00000000000000000000 -0.00000000000000000000 -0.00000000000000000000 -0.00000000000000000000 -0.00000000000000000000 -0.00000000000000000000 -0.00000000000000000000 -0.00000000000000000000 -0.00000000000000000000 -0.00000000000000000000 -0.00000000000000000000 -0.00000000000000000000 -0.00000000000000000000 -0.00000000000000000000 -0.00000000000000000000 -0.00000000000000000000 -0.00000000000000000000 -0.00000000000000000000 -0.00000000000000000000 -0.00000000000000000000 -0.00000000000000000000 -0.00000000000000000000 -0.00000000000000000000 -0.00000000000000000000 -0.00000000000000000000 -0.00000000000000000000 -0.00000000000000000000 -0.00000000000000000000 -0.00000000000000000000 -0.00000000000000000000 -0.00000000000000000000 -0.00000000000000000000 -0.00000000000000000000 -0.00000000000000000000 -0.00000000000000000000 -0.00000000000000000000 -0.00000000000000000000 -0.00000000000000000000 -0.00000000000000000000 -0.00000000000000000000 -0.00000000000000000000 -0.00000000000000000000 -0.00000000000000000000 -0.00000000000000000000 -0.00000000000000000000 0.00000000000000000000 0.00000000000000000000 0.00000000000000000000 0.00000000000000000000 0.00000000000000000000 0.00000000000000000000 0.00000000000000000000 0.00000000000000000000 0.00000000000000000000 0.00000000000000000000 0.00000000000000000000 0.00000000000000000000 
-0.00000000000000280240 -0.00000000000001273237 -0.00000000000005509127 -0.00000000000022701290 -0.00000000000089086630 -0.00000000000332942115 -0.00000000001185002183 -0.00000000004016648071 -0.00000000012965898800 -0.00000000039859852594 -0.00000000116697879276 -0.00000000325375204456 -0.00000000863972976991 -0.00000002184791908663 -0.00000005261556195770 -0.00000012067368153024 -0.00000026357555304245 -0.00000054826674567392 -0.00000108610771504146 -0.00000204902900883579 -0.00000368143833129636 -0.00000629913864928408 -0.00001026452886007574 -0.00001592909444972089 -0.00002354167551635233 -0.00003313430503956635 -0.00004441325237042788 -0.00005669457497564650 -0.00006892307493815314 -0.00007979616149355141 -0.00008798194752868489 -0.00009238455183287500 -0.00009238455183287500 -0.00008798194752868489 -0.00007979616149355141 -0.00006892307493815314 -0.00005669457497564650 -0.00004441325237042788 -0.00003313430503956635 -0.00002354167551635233 -0.00001592909444972089 -0.00001026452886007574 -0.00000629913864928408 -0.00000368143833129636 -0.00000204902900883579 -0.00000108610771504146 -0.00000054826674567392 -0.00000026357555304245 -0.00000012067368153024 -0.00000005261556195770 -0.00000002184791908663 -0.00000000863972976991 -0.00000000325375204456 -0.00000000116697879276 -0.00000000039859852594 -0.00000000012965898800 -0.00000000004016648071 -0.00000000001185002183 -0.00000000000332942115 -0.00000000000089086630 -0.00000000000022701290 -0.00000000000005509127 -0.00000000000001273237 -0.00000000000000280240 -0.00000000000000058741 -0.00000000000000011726 -0.00000000000000002229 -0.00000000000000000404 -0.00000000000000000070 -0.00000000000000000011 -0.00000000000000000002 -0.00000000000000000000 -0.00000000000000000000 -0.00000000000000000000 -0.00000000000000000000 -0.00000000000000000000 -0.00000000000000000000 -0.00000000000000000000 -0.00000000000000000000 -0.00000000000000000000 -0.00000000000000000000 -0.00000000000000000000 -0.00000000000000000000 -0.00000000000000000000 -0.00000000000000000000 -0.00000000000000000000 -0.00000000000000000000 -0.00000000000000000000 -0.00000000000000000000 -0.00000000000000000000 -0.00000000000000000000 -0.00000000000000000000 -0.00000000000000000000 -0.00000000000000000000 -0.00000000000000000000 -0.00000000000000000000 -0.00000000000000000000 -0.00000000000000000000 -0.00000000000000000000 -0.00000000000000000000 -0.00000000000000000000 -0.00000000000000000000 -0.00000000000000000000 -0.00000000000000000000 -0.00000000000000000000 -0.00000000000000000000 -0.00000000000000000000 -0.00000000000000000000 -0.00000000000000000000 -0.00000000000000000000 -0.00000000000000000000 -0.00000000000000000000 -0.00000000000000000000 -0.00000000000000000000 -0.00000000000000000000 0.00000000000000000000 0.00000000000000000000 0.00000000000000000000 0.00000000000000000000 0.00000000000000000000 0.00000000000000000000 0.00000000000000000000 0.00000000000000000000 0.00000000000000000000 0.00000000000000000000 0.00000000000000000000 0.00000000000000000000 0.00000000000000000000 
